0 110 17.3205
1 0 0
2 1 1
3 0 1.41421
4 3 1.73205
5 2 2
6 1 1
7 1 1
8 0 1.41421
9 1 1
10 0 0
11 0 0
12 1 1
13 0 0
14 0 0
15 0 0
16 0 0
17 0 0
18 0 0
19 0 0
20 1 1
21 0 0
22 2 1.41421
23 -1 2.23607
24 3 3
25 5 5
26 15 7.4162
27 30 7.34847
28 17 7.54983
29 17 8.88819
30 45 9.11043
31 35 9.21954
32 17 8.77496
33 17 8.544
34 32 9.05539
35 28 9.89949
36 23 11.0905
37 43 10.5357
38 15 10.4403
39 48 11.4891
40 39 12.2066
41 39 16.1555
42 30 16.1864
43 45 12.8452
44 46 10.198
45 40 10.6771
46 26 10.7703
47 34 10.4881
48 27 10.3441
49 34 11.5758
50 33 10.247
51 89 13.0767
52 197 18.303
53 383 22.6936
54 184 16.8523
55 26 10.4881
56 20 9.89949
57 47 10.4403
58 37 10.0499
59 27 10.5357
60 19 9.64365
61 29 10.4403
62 26 9.59166
63 24 10.3923
64 37 11.2694
65 19 10.4403
66 37 10.8167
67 50 10.7703
68 10 10.0995
69 34 10.0995
70 16 9.38083
71 34 9.89949
72 50 11.1355
73 22 10.3923
74 29 9.74679
75 25 10.3441
76 14 10.4881
77 20 9.89949
78 39 11.4455
79 33 10.1489
80 37 10.3441
81 7 9.84886
82 28 10.7703
83 25 9.64365
84 42 10.7703
85 39 10.7238
86 38 9.79796
87 28 10.3923
88 34 10.9545
89 36 10.9545
90 35 11.0905
91 42 11.4891
92 24 10.583
93 30 10.9545
94 50 12.083
95 23 11.7047
96 41 11.3578
97 35 11
98 37 11.8743
99 19 10.6301
100 21 11.0905
101 21 11.2694
102 45 11.2694
103 29 11.1803
104 20 11.4891
105 26 10.7703
106 26 11.1355
107 4 9.89949
108 35 10.8167
109 23 10.3441
110 28 10.2956
111 20 11.225
112 7 9.94987
113 43 10.7238
114 34 11.225
115 10 10.6771
116 9 10.8167
117 33 11.4455
118 31 10.247
119 18 10.8628
120 25 11.7898
121 29 11.1803
122 41 11.4455
123 19 11.2694
124 28 11.8322
125 23 10.247
126 22 10.8628
127 17 10.7238
128 32 11.1355
129 23 10.7238
130 35 11.0905
131 42 10.198
132 33 10.7238
133 43 10.247
134 20 9.89949
135 37 10.6301
136 46 10.6771
137 36 10.4881
138 53 10.4403
139 40 10.2956
140 21 10.6301
141 24 10.2956
142 46 11.1355
143 13 10.7238
144 41 10.3441
145 16 10.8628
146 21 9.43398
147 39 11.5326
148 38 10.2956
149 17 10.247
150 35 10.3441
151 25 10.6301
152 20 9.79796
153 49 10.4403
154 23 10.4403
155 30 10.2956
156 17 9.53939
157 31 9
158 41 9.84886
159 20 9.89949
160 28 10.198
161 22 10.4881
162 15 10.1489
163 32 10.0995
164 35 10.9087
165 33 11.3578
166 21 10.1489
167 38 10.2956
168 17 9.43398
169 28 10.4881
170 20 10.8628
171 37 11.0905
172 22 10.583
173 55 11.2694
174 38 10.583
175 8 10.198
176 18 9.79796
177 36 11.0454
178 50 10.3923
179 15 9.74679
180 24 10
181 19 9.84886
182 18 9.16515
183 26 9.27362
184 19 9.84886
185 35 10.0499
186 33 10.7238
187 29 10.247
188 31 9.32738
189 29 10.0499
190 23 9.43398
191 24 9.48683
192 9 9
193 29 9.53939
194 36 10.6771
195 49 12.3693
196 10 10
197 18 9.59166
198 10 10.0995
199 29 9.64365
200 8 10.198
201 40 9.89949
202 15 8.77496
203 37 8.66025
204 24 9.69536
205 33 9.32738
206 36 9.79796
207 27 9
208 24 8.83176
209 34 9.16515
210 32 9.59166
211 34 10.7703
212 53 11.1803
213 35 9.84886
214 28 9.79796
215 26 9.79796
216 34 10
217 24 12
218 32 12.083
219 32 9.48683
220 23 9.53939
221 9 9.32738
222 22 8.83176
223 28 8.12404
224 25 9.21954
225 19 8.88819
226 33 9.32738
227 43 9.53939
228 16 9.05539
229 17 9.32738
230 31 9.43398
231 16 8.7178
232 23 9.32738
233 26 9.79796
234 27 9.84886
235 30 9.05539
236 34 10.3923
237 17 8.42615
238 33 8.544
239 26 10.0995
240 31 8.544
241 33 9.84886
242 21 9.64365
243 6 8.24621
244 26 9.69536
245 26 9.16515
246 14 9.89949
247 32 8.7178
248 24 9.27362
249 20 9.27362
250 39 9.11043
251 18 8.94427
252 22 8.7178
253 6 8.94427
254 31 9.74679
255 28 9.69536
256 27 9.64365
257 11 9.11043
258 24 9.48683
259 11 9.21954
260 13 9.43398
261 29 9.94987
262 37 9.64365
263 147 14.3875
264 365 20.9045
265 312 20.0499
266 116 12.9615
267 25 9.74679
268 25 8.88819
269 10 9.48683
270 20 8.7178
271 23 9.43398
272 14 9.16515
273 48 10.0995
274 13 8.88819
275 9 9.21954
276 17 9.21954
277 13 8.06226
278 7 8.66025
279 19 8.77496
280 19 9
281 12 8.7178
282 9 8.66025
283 18 8.48528
284 13 8.06226
285 27 9
286 19 8.88819
287 25 8.18535
288 25 8.77496
289 4 7.34847
290 7 8.544
291 14 7.34847
292 7 7.68115
293 14 8.48528
294 9 7.81025
295 3 7.14143
296 7 8.06226
297 -1 7.93725
298 20 7.07107
299 17 8.18535
300 23 8.18535
301 24 8.24621
302 14 7.07107
303 10 6.9282
304 23 7.54983
305 -9 10.3441
306 14 14.4222
307 15 13.1529
308 14 8.94427
309 17 7.54983
310 19 7.4162
311 14 7.07107
312 16 6.63325
313 25 7
314 14 7.2111
315 22 7.34847
316 24 7.07107
317 16 7.48331
318 22 6.63325
319 13 6.55744
320 14 7.48331
321 14 6.48074
322 27 7
323 18 6.9282
324 5 6.245
325 10 6.9282
326 28 8
327 -8 6.63325
328 11 6.55744
329 13 7.28011
330 9 5.56776
331 10 6
332 12 6.63325
333 12 6.78233
334 6 6.9282
335 17 6.7082
336 18 6.63325
337 4 6.78233
338 15 6.08276
339 7 5.91608
340 20 6.32456
341 15 6.7082
342 10 6
343 11 6.55744
344 10 5.83095
345 23 6.7082
346 19 6.7082
347 12 6
348 12 4.89898
349 4 6.16441
350 7 6.08276
351 20 6.63325
352 29 6.85565
353 13 6.08276
354 19 7.14143
355 6 5.47723
356 8 5.09902
357 7 5.19615
358 6 6.16441
359 8 6.16441
360 6 6.16441
361 13 6.85565
362 4 5.47723
363 9 5.74456
364 14 6.78233
365 15 6.08276
366 9 5.19615
367 3 5.91608
368 20 5.47723
369 14 6.32456
370 14 6.32456
371 13 6.08276
372 12 6.48074
373 22 6.48074
374 12 5.83095
375 14 6.16441
376 22 6.48074
377 20 6.16441
378 18 6.16441
379 24 8
380 20 8.3666
381 21 7.93725
382 7 6.245
383 10 5.09902
384 15 6.40312
385 10 6.78233
386 4 5.47723
387 13 6.245
388 15 5.56776
389 20 5.2915
390 18 6.78233
391 20 5.83095
392 13 6.245
393 5 5.56776
394 15 5.74456
395 6 6.16441
396 29 7.14143
397 11 6.08276
398 7 5.38516
399 10 5.65685
400 6 6
401 2 5.47723
402 14 6.32456
403 27 6.7082
404 23 7
405 19 5.74456
406 16 5.83095
407 19 6.85565
408 14 5.47723
409 12 6
410 15 6.85565
411 15 5.74456
412 4 5.65685
413 13 5.74456
414 8 6
415 16 6.16441
416 10 5.2915
417 23 6.08276
418 17 6.85565
419 8 4.89898
420 10 5.47723
421 11 5
422 13 5.56776
423 11 6.08276
424 13 5.74456
425 14 6.48074
426 15 4.79583
427 6 6.16441
428 21 6.245
429 16 6.48074
430 9 5.19615
431 14 6.32456
432 17 7
433 15 5.91608
434 20 6.48074
435 8 5.09902
436 10 5.47723
437 13 5.19615
438 13 5.74456
439 7 5.74456
440 3 6.245
441 11 5.19615
442 11 6.245
443 4 6
444 10 5.47723
445 7 5.19615
446 19 7
447 34 12.3288
448 39 26.0192
449 82 36.3868
450 57 33.1512
451 -3 19.1572
452 9 11
453 14 6.32456
454 10 5.47723
455 19 5
456 12 6
457 11 5.38516
458 15 5.91608
459 23 6.08276
460 13 5.56776
461 16 6
462 10 5.47723
463 11 5.56776
464 18 5.65685
465 10 5.2915
466 14 5.2915
467 -4 5.83095
468 10 5.65685
469 6 4.47214
470 15 5.38516
471 8 5.09902
472 8 5.2915
473 18 5.83095
474 12 6.16441
475 9 5.74456
476 14 5.09902
477 12 5.83095
478 24 6.32456
479 16 5.47723
480 15 5.74456
481 14 6
482 12 5.2915
483 9 5.19615
484 13 5.38516
485 12 6.16441
486 10 5.2915
487 11 6.08276
488 11 5.56776
489 -2 4
490 13 4.79583
491 9 5
492 20 6.32456
493 10 5.47723
494 18 5.47723
495 4 4.89898
496 16 5.47723
497 24 5.83095
498 12 6.16441
499 12 6
500 14 8
501 20 10.7703
502 3 12.53
503 8 8.60233
504 10 6.63325
505 0 4
506 11 4.79583
507 13 5.19615
508 11 5.56776
509 25 7.4162
510 27 7.4162
511 36 7.48331
512 22 7.07107
513 22 6.48074
514 18 5.65685
515 7 4.79583
516 6 4.47214
517 12 5.09902
518 7 5.74456
519 3 5
520 18 4.89898
521 0 5.47723
522 9 4.79583
523 15 6.08276
524 7 4.79583
525 13 5.56776
526 17 5.38516
527 24 5.83095
528 11 4.79583
529 11 5.56776
530 9 5
531 15 5.19615
532 4 5.47723
533 8 5.2915
534 10 4.47214
535 15 4.58258
536 7 5
537 9 5
538 9 4.79583
539 7 3.60555
540 14 4.69042
541 8 5.09902
542 12 4.47214
543 11 5
544 11 4.79583
545 10 5.2915
546 17 5.19615
547 7 4.79583
548 7 4.79583
549 12 5.09902
550 18 5.83095
551 13 5.56776
552 12 5.2915
553 13 5.19615
554 10 5.47723
555 10 4
556 14 5.2915
557 7 4.79583
558 8 5.47723
559 6 4.89898
560 10 5.47723
561 10 5.2915
562 23 5.56776
563 14 5.2915
564 18 5.2915
565 8 5.2915
566 15 6.08276
567 5 3.60555
568 12 4.69042
569 17 5.38516
570 4 4.47214
571 18 4.47214
572 10 5.47723
573 27 6.85565
574 8 5.2915
575 18 5.65685
576 10 5.09902
577 17 5.74456
578 8 5.09902
579 5 4.79583
580 14 6.32456
581 12 6.16441
582 10 5.47723
583 17 6.245
584 15 6.245
585 12 5.83095
586 12 5.2915
587 12 5.09902
588 8 4.47214
589 21 5.91608
590 18 5.2915
591 35 7
592 28 7.2111
593 32 7.07107
594 19 5.74456
595 13 4.3589
596 1 5.74456
597 16 4.89898
598 6 3.4641
599 12 4.24264
600 8 6
601 13 5.19615
602 5 5.74456
603 4 3.74166
604 11 5
605 7 4.79583
606 7 4.3589
607 14 5.2915
608 13 5.38516
609 13 5.19615
610 11 4.79583
611 10 4.47214
612 15 5
613 10 4.89898
614 4 4.47214
615 9 5
616 7 4.58258
617 23 5.56776
618 8 5.2915
619 2 4.47214
620 23 6.245
621 7 7
622 28 7.34847
623 20 6.48074
624 18 5.47723
625 4 5.65685
626 9 5
627 5 4.58258
628 24 5.65685
629 0 4.69042
630 18 4.89898
631 19 5.19615
632 15 4.3589
633 13 6.40312
634 21 5.74456
635 15 5.74456
636 17 5.19615
637 13 4.58258
638 14 4.24264
639 12 5.65685
640 13 4.58258
641 7 4.3589
642 25 6.245
643 23 6.85565
644 41 7.4162
645 59 8.77496
646 35 7.28011
647 12 5.65685
648 18 5.47723
649 14 5.47723
650 6 4.69042
651 14 5.65685
652 9 5.38516
653 13 5.56776
654 17 5.38516
655 22 5.83095
656 11 4.58258
657 12 4.47214
658 10 5.09902
659 6 4.69042
660 17 5.38516
661 11 3.87298
662 15 5.38516
663 6 4.69042
664 17 5.91608
665 17 5.56776
666 13 6.08276
667 20 5.83095
668 43 8.06226
669 31 6.40312
670 15 4.79583
671 12 5.47723
672 15 7.93725
673 7 10.7238
674 29 13
675 23 10.6301
676 7 7.81025
677 10 6.63325
678 16 4.69042
679 7 4.79583
680 14 4.69042
681 14 5.47723
682 9 4.79583
683 10 4.47214
684 9 4.79583
685 15 5
686 19 5.74456
687 9 4.58258
688 7 4.3589
689 15 5.56776
690 13 4.3589
691 10 5.09902
692 0 4.47214
693 6 5.83095
694 11 5
695 16 5.09902
696 6 4
697 1 5
698 18 5.2915
699 15 6.245
700 12 5.65685
701 15 5.56776
702 16 5.2915
703 13 5.56776
704 14 5.47723
705 13 5.19615
706 15 5.38516
707 12 5.2915
708 16 6
709 17 5
710 6 4.47214
711 8 4.24264
712 9 5
713 11 4.3589
714 13 5
715 14 5.2915
716 9 5
717 10 4.69042
718 7 3.60555
719 16 5.09902
720 15 5.19615
721 20 4.89898
722 3 4.79583
723 14 4.69042
724 13 4.79583
725 17 4.79583
726 15 4.79583
727 11 4.3589
728 12 5.2915
729 20 5.47723
730 9 5.19615
731 2 4.69042
732 23 6.08276
733 10 4.69042
734 11 4.3589
735 13 5.91608
736 0 3.4641
737 7 4.3589
738 7 5.19615
739 6 4.47214
740 12 4.89898
741 13 5.38516
742 15 5.19615
743 9 5
744 14 5.09902
745 15 5
746 9 5.56776
747 2 4.24264
748 15 5.38516
749 6 4.47214
750 8 4.24264
751 10 4.47214
752 13 4.79583
753 8 4.89898
754 9 4.58258
755 14 4.89898
756 12 5.2915
757 15 5.38516
758 6 5.2915
759 13 4.3589
760 9 4.79583
761 4 4.24264
762 11 4.58258
763 14 4.89898
764 15 5.38516
765 7 3.87298
766 8 5.2915
767 1 4.58258
768 6 3.4641
769 10 4.47214
770 7 4.12311
771 7 3.87298
772 13 4.58258
773 16 5.65685
774 17 6.7082
775 13 6.55744
776 12 6
777 10 4.89898
778 14 4.24264
779 16 4.89898
780 0 4.47214
781 5 4.79583
782 4 5.47723
783 4 4.89898
784 0 4.24264
785 4 3.74166
786 10 4.69042
787 9 5.56776
788 11 4.3589
789 5 4.58258
790 12 5.2915
791 13 6.245
792 13 5.56776
793 8 5.47723
794 12 5.09902
795 12 4.69042
796 10 4.89898
797 5 4.3589
798 13 5.19615
799 13 5.38516
800 7 4.79583
801 2 4.89898
802 7 4.12311
803 5 4.12311
804 5 4.58258
805 1 5
806 7 3.87298
807 8 4.47214
808 14 4.89898
809 3 4.79583
810 5 3.87298
811 20 4.69042
812 3 4.3589
813 0 5.09902
814 11 4.79583
815 -1 5
816 15 5.56776
817 7 4.3589
818 17 5.38516
819 8 4.69042
820 8 4.47214
821 2 3.74166
822 9 4.79583
823 6 4.47214
824 10 4.24264
825 9 4.79583
826 12 5.83095
827 9 6.55744
828 24 7.87401
829 11 7.68115
830 20 6.48074
831 27 7.81025
832 75 10.4403
833 67 10.1489
834 33 7.4162
835 19 6.08276
836 10 5.83095
837 15 5.56776
838 12 4.89898
839 8 4
840 6 5.2915
841 12 5.09902
842 13 4.3589
843 13 5.38516
844 6 5.2915
845 5 4.3589
846 2 5.09902
847 2 3.74166
848 9 5
849 10 3.74166
850 8 4.47214
851 8 4.69042
852 14 5.09902
853 17 5.38516
854 2 4.24264
855 14 5.2915
856 7 4.12311
857 18 5.83095
858 9 5
859 14 4.47214
860 14 4.24264
861 5 3.60555
862 7 5
863 15 4.79583
864 0 4
865 5 3.87298
866 6 4
867 6 3.4641
868 8 3.74166
869 1 5
870 16 4.89898
871 16 5.2915
872 13 6.08276
873 23 6.55744
874 14 5.65685
875 12 5.2915
876 16 5.47723
877 8 4.47214
878 8 4.24264
879 11 4.12311
880 10 3.74166
881 14 4.69042
882 7 4.3589
883 16 5.47723
884 25 6.245
885 38 6.9282
886 63 8.66025
887 34 6.63325
888 21 5.91608
889 9 5.19615
890 14 4.47214
891 4 5.47723
892 10 4.89898
893 11 4.3589
894 15 4.58258
895 12 4
896 1 4.12311
897 6 4.24264
898 9 4.12311
899 5 3.31662
900 6 4.89898
901 15 5
902 2 3.4641
903 11 3.60555
904 7 4.12311
905 6 3.74166
906 6 4.69042
907 8 4
908 11 4.58258
909 15 5
910 7 4.12311
911 3 4.3589
912 9 4.79583
913 11 4.12311
914 13 4.58258
915 13 3.87298
916 5 4.3589
917 4 4.69042
918 2 3.4641
919 11 3.87298
920 9 4.12311
921 5 3.87298
922 13 3.87298
923 2 4.24264
924 1 5.74456
925 5 7.14143
926 21 7.4162
927 21 8.06226
928 60 8.60233
929 49 7.93725
930 26 6.32456
931 8 4.24264
932 6 3.74166
933 2 3.4641
934 13 4.3589
935 10 4.47214
936 10 4.24264
937 12 4.69042
938 11 4.58258
939 8 4.47214
940 19 5.38516
941 61 8.30662
942 110 11.225
943 130 12.1655
944 69 9.53939
945 26 6.16441
946 8 4.69042
947 9 5.19615
948 5 4.58258
949 5 3.31662
950 6 4
951 6 4
952 9 4.58258
953 8 4.47214
954 8 4.47214
955 4 4
956 11 3.87298
957 8 4
958 8 4.24264
959 4 4
960 4 4.47214
961 8 4.24264
962 8 4.69042
963 11 3.87298
964 11 5.19615
965 8 4
966 1 3.87298
967 6 3.4641
968 16 5.09902
969 11 3.87298
970 0 4.69042
971 6 4.47214
972 0 3.74166
973 3 3.60555
974 3 4.12311
975 12 4.69042
976 4 5.09902
977 9 4.58258
978 5 4.3589
979 6 4.47214
980 6 4.47214
981 4 3.74166
982 10 4.24264
983 11 4.3589
984 9 4.3589
985 11 4.79583
986 4 4
987 2 4.24264
988 8 4.47214
989 8 4.69042
990 2 3.4641
991 8 4.24264
992 7 4.12311
993 10 4.47214
994 6 4.24264
995 7 4.3589
996 1 3.87298
997 12 4.89898
998 14 4.69042
999 6 3.74166
1000 9 4.3589
1001 13 4.12311
1002 8 4
1003 8 3.4641
1004 6 3.4641
1005 14 4.89898
1006 4 3.4641
1007 5 3.60555
1008 10 3.4641
1009 6 3.16228
1010 1 3.87298
1011 4 4.47214
1012 1 3
1013 11 4.79583
1014 -1 3.60555
1015 3 3.87298
1016 12 4.47214
1017 9 3.87298
1018 9 3.87298
1019 -2 3.74166
1020 2 4
1021 10 4
1022 10 4.47214
1023 -2 4.47214
1024 6 4.24264
1025 -2 3.74166
1026 6 3.74166
1027 4 4
1028 3 3.87298
1029 10 3.4641
1030 10 5.09902
1031 5 5.56776
1032 20 8.12404
1033 -10 8.48528
1034 6 7.2111
1035 12 5.47723
1036 16 5.09902
1037 5 3.87298
1038 7 3.60555
1039 3 4.12311
1040 10 4.24264
1041 12 4.47214
1042 7 3.31662
1043 6 3.74166
1044 2 4.47214
1045 9 4.12311
1046 5 3.60555
1047 7 4.12311
1048 7 3.87298
1049 3 3.87298
1050 -2 4.24264
1051 4 2.82843
1052 3 3.31662
1053 8 4
1054 5 3.31662
1055 8 2.82843
1056 7 3.60555
1057 1 3.31662
1058 11 3.60555
1059 10 4.24264
1060 6 4
1061 1 3.31662
1062 10 4.47214
1063 12 4.24264
1064 5 3.87298
1065 6 3.4641
1066 -4 2.82843
1067 1 3.87298
1068 3 2.64575
1069 -1 3.31662
1070 15 4.58258
1071 8 4
1072 9 3.87298
1073 -1 3
1074 7 3.60555
1075 5 3.31662
1076 3 4.12311
1077 6 4
1078 3 4.12311
1079 5 2.64575
1080 7 3
1081 10 4.47214
1082 18 5.47723
1083 8 3.74166
1084 4 4
1085 7 3
1086 -1 4.12311
1087 4 3.4641
1088 5 2.64575
1089 6 4.24264
1090 3 3.31662
1091 3 3.60555
1092 5 3.60555
1093 8 3.74166
1094 2 2.82843
1095 0 3.16228
1096 3 4.12311
1097 11 4.79583
1098 6 4
1099 9 4.58258
1100 20 6
1101 14 5.47723
1102 55 8.66025
1103 86 9.79796
1104 63 8.77496
1105 40 6.48074
1106 9 4.79583
1107 7 4.79583
1108 6 3.74166
1109 8 3.74166
1110 14 4.69042
1111 17 5.74456
1112 20 6
1113 18 5.47723
1114 10 5.09902
1115 15 4.79583
1116 5 5
1117 11 4.58258
1118 7 4.12311
1119 7 3.60555
1120 4 4.24264
1121 5 3.87298
1122 3 3.60555
1123 14 4.89898
1124 7 4.58258
1125 3 3.31662
1126 4 4.24264
1127 7 3.87298
1128 5 3
1129 3 3.31662
1130 4 3.4641
1131 -3 4.3589
1132 3 3.87298
1133 5 4.12311
1134 14 4
1135 26 5.83095
1136 66 8.24621
1137 110 10.583
1138 141 12.2066
1139 91 10.1489
1140 40 7.2111
1141 16 4.89898
1142 12 4.69042
1143 7 3.87298
1144 3 4.58258
1145 9 5
1146 7 4.58258
1147 9 5.19615
1148 13 4.12311
1149 7 3.60555
1150 7 4.12311
1151 5 3.31662
1152 4 4
1153 9 4.58258
1154 5 3.31662
1155 8 3.4641
1156 3 3.60555
1157 9 4.12311
1158 10 3.74166
1159 5 3.87298
1160 5 3
1161 -2 3.74166
1162 6 3.74166
1163 8 3.74166
1164 7 4.12311
1165 6 3.16228
1166 12 4
1167 4 3.4641
1168 11 3.60555
1169 11 3.87298
1170 6 4.24264
1171 5 3.31662
1172 6 4
1173 5 3.31662
1174 4 2.44949
1175 6 4
1176 3 3
1177 7 4.12311
1178 7 3
1179 4 3.74166
1180 2 4
1181 4 2.82843
1182 10 3.74166
1183 5 3.60555
1184 7 3.60555
1185 6 3.16228
1186 7 3.87298
1187 3 5
1188 13 3.60555
1189 2 3.4641
1190 3 2.64575
1191 4 3.16228
1192 6 2.82843
1193 4 3.74166
1194 4 4.47214
1195 7 4.12311
1196 9 3.60555
1197 -1 4.3589
1198 7 3.31662
1199 8 3.4641
1200 7 3.87298
1201 11 4.3589
1202 9 3.87298
1203 5 3.60555
1204 3 3.31662
1205 4 4
1206 4 3.16228
1207 7 4.12311
1208 5 3.60555
1209 7 3.87298
1210 4 2.82843
1211 3 3.60555
1212 9 3.60555
1213 7 3.87298
1214 9 3.60555
1215 -2 3.4641
1216 9 3.87298
1217 -2 3.16228
1218 7 3
1219 0 3.16228
1220 4 3.4641
1221 7 3.87298
1222 2 3.4641
1223 3 3
1224 5 3.60555
1225 9 4.3589
1226 -3 3.31662
1227 -1 3.31662
1228 0 3.4641
1229 8 3.74166
1230 8 2.82843
1231 5 3.60555
1232 10 3.74166
1233 7 3.87298
1234 2 3.16228
1235 7 3
1236 2 3.74166
1237 5 3
1238 1 3.60555
1239 7 3.87298
1240 10 4.47214
1241 6 3.74166
1242 2 3.16228
1243 4 2.82843
1244 6 3.16228
1245 -3 3.60555
1246 4 3.16228
1247 1 3.31662
1248 1 4.12311
1249 9 4.12311
1250 -1 3.60555
1251 -3 3
1252 8 3.74166
1253 1 4.3589
1254 6 3.4641
1255 -2 3.4641
1256 4 4.47214
1257 -4 3.4641
1258 6 4
1259 5 3.31662
1260 -1 3.60555
1261 -2 4.47214
1262 2 4.24264
1263 7 3.31662
1264 5 3.31662
1265 2 3.4641
1266 6 3.74166
1267 8 3.16228
1268 2 4
1269 9 4.12311
1270 1 3.31662
1271 3 2.23607
1272 5 3.31662
1273 0 4
1274 4 3.4641
1275 5 3.60555
1276 6 3.74166
1277 -1 5
1278 5 6.08276
1279 2 4.69042
1280 2 4.69042
1281 -1 4.12311
1282 2 3.16228
1283 8 4.24264
1284 1 3
1285 8 3.74166
1286 0 3.16228
1287 11 4.3589
1288 3 3.31662
1289 6 4.24264
1290 4 4.24264
1291 9 3.60555
1292 8 4
1293 9 3
1294 8 3.74166
1295 8 4.24264
1296 5 3.60555
1297 1 3.87298
1298 4 4
1299 0 3.4641
1300 3 3
1301 3 3.31662
1302 5 3
1303 6 3.4641
1304 7 3.60555
1305 9 4.3589
1306 -1 4.3589
1307 6 4
1308 1 4.3589
1309 4 3.16228
1310 7 3.87298
1311 17 4.58258
1312 16 4.47214
1313 10 4.69042
1314 9 4.58258
1315 4 4
1316 10 4
1317 8 2.82843
1318 -4 3.74166
1319 6 4.69042
1320 2 3.4641
1321 22 5.65685
1322 14 5.65685
1323 19 6.245
1324 16 5.83095
1325 -2 3.74166
1326 3 3.87298
1327 0 3.4641
1328 -2 3.4641
1329 3 4.12311
1330 5 3.60555
1331 1 3.31662
1332 4 3.74166
1333 4 3.16228
1334 3 3
1335 3 3
1336 6 4.47214
1337 4 3.74166
1338 4 3.16228
1339 10 3.74166
1340 0 3.74166
1341 0 3.4641
1342 4 3.16228
1343 6 4.24264
1344 6 3.4641
1345 7 3.31662
1346 5 2.64575
1347 -2 3.16228
1348 10 4.24264
1349 9 3.60555
1350 6 3.16228
1351 8 3.16228
1352 4 3.16228
1353 8 4
1354 4 3.16228
1355 8 3.74166
1356 7 2.64575
1357 8 4
1358 4 3.74166
1359 7 3.87298
1360 15 5
1361 11 5
1362 19 5.74456
1363 44 7.87401
1364 59 8.18535
1365 33 7
1366 13 5
1367 14 4.69042
1368 12 3.4641
1369 4 2.82843
1370 5 3.87298
1371 2 2.82843
1372 -2 3.4641
1373 0 4.47214
1374 9 5.19615
1375 2 4.69042
1376 4 4.47214
1377 -2 2.82843
1378 3 3.60555
1379 8 3.74166
1380 5 3.60555
1381 2 3.4641
1382 3 3
1383 1 3.60555
1384 1 2.64575
1385 -2 2
1386 7 4.12311
1387 3 3
1388 6 3.4641
1389 10 4.24264
1390 5 3.31662
1391 2 2.44949
1392 3 3.31662
1393 5 2.23607
1394 6 3.16228
1395 -1 3
1396 4 3.74166
1397 3 3.31662
1398 7 3
1399 4 4
1400 9 3.31662
1401 3 3.31662
1402 4 3.16228
1403 6 3.4641
1404 -1 3.31662
1405 0 2.82843
1406 -1 3.87298
1407 3 3.31662
1408 8 3.16228
1409 4 3.16228
1410 4 3.16228
1411 9 3.31662
1412 4 3.4641
1413 6 4
1414 12 4.69042
1415 4 2.82843
1416 -1 3.31662
1417 4 3.16228
1418 13 3.87298
1419 2 2.44949
1420 17 4.58258
1421 4 2.82843
1422 -1 2.64575
1423 4 2.82843
1424 5 2.64575
1425 9 3
1426 6 3.4641
1427 7 4.12311
1428 6 3.16228
1429 8 3.74166
1430 20 4.89898
1431 26 5.47723
1432 14 4.47214
1433 10 4.24264
1434 2 3.16228
1435 2 3.74166
1436 4 3.16228
1437 3 3.31662
1438 1 3
1439 5 4.12311
1440 1 2.23607
1441 5 3
1442 11 3.60555
1443 5 3.31662
1444 18 5.09902
1445 7 3.87298
1446 4 2.82843
1447 7 2.64575
1448 3 3.60555
1449 4 3.16228
1450 -1 2.64575
1451 5 3.31662
1452 3 3
1453 3 3
1454 2 2.82843
1455 5 3.87298
1456 9 3.60555
1457 9 3.60555
1458 -1 3.31662
1459 -2 2.82843
1460 2 3.74166
1461 6 3.74166
1462 7 3.87298
1463 4 4.47214
1464 8 3.4641
1465 7 3.87298
1466 2 3.74166
1467 3 3
1468 8 3.74166
1469 5 4.12311
1470 3 3
1471 1 2.23607
1472 6 2.44949
1473 4 3.74166
1474 -5 4.12311
1475 2 2.82843
1476 1 3
1477 4 4
1478 0 3.16228
1479 0 2.82843
1480 4 3.16228
1481 1 3.31662
1482 9 3.60555
1483 6 3.4641
1484 5 3.31662
1485 7 3.31662
1486 -1 3
1487 -5 2.23607
1488 3 3
1489 3 3.60555
1490 6 2.82843
1491 4 2.82843
1492 7 3.60555
1493 5 4.79583
1494 -2 2.82843
1495 6 2.82843
1496 3 3.31662
1497 6 2.82843
1498 5 2.64575
1499 4 3.16228
1500 3 3.60555
1501 -3 3.60555
1502 3 2.64575
1503 1 3
1504 4 3.16228
1505 3 3.60555
1506 5 3.60555
1507 15 5
1508 4 4.89898
1509 1 3.60555
1510 3 3.60555
1511 4 2.44949
1512 7 3
1513 5 3
1514 9 3.60555
1515 8 2.82843
1516 7 3
1517 5 3
1518 5 3.60555
1519 4 3.4641
1520 6 2.82843
1521 4 2.82843
1522 9 3
1523 4 2.44949
1524 3 3
1525 4 2.82843
1526 7 3.60555
1527 5 3.31662
1528 2 4
1529 2 3.74166
1530 2 4.47214
1531 8 3.74166
1532 4 4.47214
1533 10 7.2111
1534 1 8.18535
1535 3 7.28011
1536 -6 6.32456
1537 6 4.69042
1538 11 4.58258
1539 1 3.60555
1540 2 3.4641
1541 2 2.44949
1542 6 3.74166
1543 11 4.12311
1544 3 3.87298
1545 3 4.79583
1546 0 4.69042
1547 6 4.69042
1548 -3 3.60555
1549 3 4.3589
1550 -4 3.4641
1551 0 3.16228
1552 1 2.64575
1553 6 3.4641
1554 1 3
1555 5 3.87298
1556 -3 3.60555
1557 -3 5
1558 -2 6
1559 5 6.7082
1560 11 6.40312
1561 10 5.47723
1562 0 4
1563 1 3.31662
1564 8 3.74166
1565 3 3.87298
1566 1 2.64575
1567 3 1.73205
1568 1 2.64575
1569 5 3
1570 2 2
1571 3 1.73205
1572 -1 2.64575
1573 8 4
1574 7 3
1575 1 2.64575
1576 -1 3
1577 3 2.64575
1578 4 3.16228
1579 3 3.60555
1580 9 3
1581 2 2
1582 5 2.64575
1583 9 3.31662
1584 5 2.64575
1585 3 1.73205
1586 2 2.44949
1587 4 3.74166
1588 4 3.16228
1589 5 3
1590 0 2.82843
1591 0 3.16228
1592 4 2
1593 7 3.31662
1594 -2 3.74166
1595 3 4.12311
1596 5 2.64575
1597 2 2.44949
1598 0 3.74166
1599 1 3.60555
1600 -1 2.23607
1601 1 3.31662
1602 4 2.82843
1603 7 3
1604 3 2.23607
1605 -1 3.31662
1606 7 3
1607 1 3
1608 3 3.31662
1609 2 2
1610 3 2.64575
1611 1 2.64575
1612 2 3.16228
1613 0 2.82843
1614 9 3
1615 7 3.31662
1616 1 3.60555
1617 5 2.64575
1618 2 2
1619 8 3.16228
1620 -1 3
1621 0 3.4641
1622 7 4.12311
1623 -1 1.73205
1624 8 3.4641
1625 4 2.44949
1626 1 3.31662
1627 0 2.82843
1628 3 2.64575
1629 4 2.82843
1630 5 3
1631 4 3.16228
1632 2 2
1633 1 3
1634 8 3.4641
1635 2 2
1636 -4 2.44949
1637 0 3.16228
1638 -1 2.23607
1639 1 3
1640 2 3.4641
1641 6 3.16228
1642 3 2.23607
1643 4 3.16228
1644 4 2.82843
1645 5 3
1646 0 2.44949
1647 4 3.16228
1648 7 3
1649 0 3.16228
1650 7 3.60555
1651 2 2
1652 3 3
1653 7 3
1654 1 2.64575
1655 5 3.31662
1656 -1 2.64575
1657 6 3.16228
1658 0 2.82843
1659 3 2.23607
1660 5 2.64575
1661 8 3.16228
1662 3 3
1663 3 2.64575
1664 1 3.31662
1665 -1 3.31662
1666 2 2.44949
1667 -1 2.64575
1668 4 2.82843
1669 3 3.31662
1670 6 2.44949
1671 2 2.82843
1672 3 3
1673 2 2.82843
1674 2 2.44949
1675 2 2
1676 4 2.82843
1677 0 3.16228
1678 6 3.74166
1679 5 3.60555
1680 2 3.16228
1681 2 3.16228
1682 4 3.16228
1683 4 2
1684 2 3.16228
1685 1 1.73205
1686 3 3.60555
1687 3 3
1688 -3 2.23607
1689 2 3.16228
1690 3 2.64575
1691 5 3
1692 3 2.23607
1693 5 2.64575
1694 5 2.23607
1695 0 2
1696 0 2
1697 4 2.82843
1698 -3 3.31662
1699 2 2.44949
1700 1 2.64575
1701 1 1.73205
1702 5 3
1703 -1 2.64575
1704 5 2.64575
1705 -2 2
1706 5 3
1707 3 2.64575
1708 3 2.64575
1709 3 1.73205
1710 0 2.82843
1711 3 2.64575
1712 0 2
1713 4 3.16228
1714 2 3.16228
1715 1 2.64575
1716 -1 2.64575
1717 9 3
1718 2 2.82843
1719 1 2.23607
1720 5 3
1721 2 2.44949
1722 1 2.64575
1723 5 3
1724 0 2.82843
1725 -2 2.82843
1726 3 2.64575
1727 9 3.31662
1728 2 3.4641
1729 3 2.64575
1730 -4 2.82843
1731 -1 3.31662
1732 10 4.24264
1733 3 3
1734 7 3.31662
1735 2 2.44949
1736 4 3.4641
1737 -4 3.16228
1738 1 2.23607
1739 0 2.82843
1740 4 2
1741 2 2.82843
1742 5 3
1743 -3 1.73205
1744 6 3.16228
1745 1 2.64575
1746 3 2.64575
1747 7 3.60555
1748 -1 2.64575
1749 1 2.64575
1750 4 2.82843
1751 -3 2.23607
1752 3 3
1753 4 2.44949
1754 9 3.60555
1755 12 4
1756 10 4.24264
1757 26 5.83095
1758 29 5.91608
1759 20 4.89898
1760 17 4.3589
1761 3 3.60555
1762 2 3.4641
1763 3 2.64575
1764 1 3.31662
1765 8 3.16228
1766 3 2.64575
1767 4 2.44949
1768 2 2.82843
1769 1 2.64575
1770 1 3.87298
1771 3 2.64575
1772 3 2.64575
1773 4 2.82843
1774 2 2.44949
1775 0 2
1776 2 2.82843
1777 -1 3.31662
1778 3 2.23607
1779 0 2
1780 5 2.64575
1781 7 3
1782 4 2.82843
1783 4 3.4641
1784 3 1.73205
1785 4 2.82843
1786 4 3.16228
1787 5 2.23607
1788 4 2.82843
1789 9 3.31662
1790 7 3.31662
1791 1 2.23607
1792 -1 3.31662
1793 2 2.44949
1794 2 3.16228
1795 3 3
1796 2 2.82843
1797 5 2.23607
1798 9 3.60555
1799 1 3
1800 1 2.64575
1801 1 3.60555
1802 9 3.31662
1803 5 2.64575
1804 2 2.44949
1805 -3 2.64575
1806 0 1.41421
1807 5 2.64575
1808 1 2.23607
1809 6 2.82843
1810 2 2.44949
1811 -4 2.82843
1812 9 3.60555
1813 0 2.44949
1814 4 3.16228
1815 7 2.64575
1816 1 2.64575
1817 3 2.23607
1818 3 3
1819 4 2.44949
1820 4 2.82843
1821 6 2.82843
1822 6 3.16228
1823 7 3.31662
1824 -1 4.3589
1825 8 4
1826 3 3
1827 2 2.82843
1828 2 2
1829 2 2.44949
1830 4 2.44949
1831 0 2.82843
1832 5 3
1833 2 2.44949
1834 7 2.64575
1835 -1 2.64575
1836 2 2.82843
1837 6 2.82843
1838 -1 2.64575
1839 3 2.23607
1840 0 2.82843
1841 1 3.31662
1842 8 3.4641
1843 5 3.31662
1844 1 2.64575
1845 1 3
1846 2 2.82843
1847 6 2.82843
1848 1 1.73205
1849 7 2.64575
1850 0 2.82843
1851 8 2.82843
1852 5 2.23607
1853 2 2.44949
1854 4 2.82843
1855 1 2.23607
1856 0 1.41421
1857 3 2.23607
1858 4 2.82843
1859 6 2.44949
1860 0 1.41421
1861 2 2.82843
1862 6 3.16228
1863 -1 2.23607
1864 1 3.31662
1865 4 2.82843
1866 4 2.44949
1867 4 2.44949
1868 3 3.60555
1869 3 2.64575
1870 7 2.64575
1871 2 2.82843
1872 -1 2.23607
1873 2 2.44949
1874 5 2.64575
1875 2 2.44949
1876 5 2.64575
1877 4 3.16228
1878 4 3.4641
1879 2 2.82843
1880 -3 3
1881 1 3
1882 3 1.73205
1883 1 2.23607
1884 3 2.64575
1885 0 2
1886 12 3.4641
1887 1 2.23607
1888 1 2.23607
1889 0 1.41421
1890 0 2.82843
1891 3 2.64575
1892 1 3
1893 1 2.64575
1894 5 3.31662
1895 5 2.64575
1896 2 2.82843
1897 5 3
1898 5 2.64575
1899 2 2.44949
1900 -1 2.64575
1901 7 3.31662
1902 1 2.23607
1903 2 2.82843
1904 -1 1.73205
1905 5 3.31662
1906 4 2
1907 3 3
1908 3 1.73205
1909 6 2.44949
1910 2 2
1911 7 2.64575
1912 -3 2.23607
1913 0 2.82843
1914 3 2.64575
1915 2 2.82843
1916 2 2.44949
1917 8 3.4641
1918 6 3.16228
1919 9 3.60555
1920 2 1.41421
1921 2 2.44949
1922 5 3.60555
1923 7 3
1924 3 2.23607
1925 8 3.4641
1926 5 3
1927 1 3.60555
1928 10 4
1929 5 3
1930 5 3
1931 3 2.23607
1932 -1 3.60555
1933 8 3.4641
1934 3 3
1935 2 3.4641
1936 0 2.44949
1937 7 3
1938 5 2.64575
1939 1 1.73205
1940 7 3.60555
1941 2 2.44949
1942 5 3
1943 1 2.23607
1944 2 2
1945 0 2.82843
1946 4 2.82843
1947 7 3.87298
1948 2 1.41421
1949 1 3
1950 0 2.44949
1951 5 3
1952 3 3.31662
1953 0 2.44949
1954 5 2.64575
1955 3 2.64575
1956 3 2.23607
1957 2 2
1958 6 2.82843
1959 1 1.73205
1960 1 3
1961 1 2.64575
1962 4 2
1963 7 3
1964 8 3.4641
1965 6 2.44949
1966 4 2.82843
1967 2 3.4641
1968 6 2.82843
1969 4 2
1970 2 2.44949
1971 -1 2.23607
1972 4 2.44949
1973 2 2
1974 0 2
1975 -1 2.23607
1976 2 2.82843
1977 3 2.64575
1978 1 2.64575
1979 2 1.41421
1980 1 3
1981 6 3.16228
1982 0 3.16228
1983 8 3.4641
1984 4 2.82843
1985 3 3.60555
1986 2 3.16228
1987 7 2.64575
1988 -2 2.82843
1989 2 2
1990 6 3.16228
1991 7 3.31662
1992 3 3
1993 4 3.4641
1994 4 3.16228
1995 5 3.31662
1996 5 3.31662
1997 2 2.82843
1998 4 3.16228
1999 3 3
2000 0 2.44949
2001 -3 2.64575
2002 1 2.64575
2003 -1 2.64575
2004 4 2.44949
2005 10 3.4641
2006 3 2.64575
2007 5 2.64575
2008 1 3.60555
2009 5 3.31662
2010 9 3.31662
2011 0 3.74166
2012 6 2.82843
2013 5 2.64575
2014 8 3.16228
2015 5 2.64575
2016 5 3
2017 5 3
2018 -2 2.44949
2019 2 2
2020 -3 2.64575
2021 0 3.4641
2022 1 1
2023 0 3.16228
2024 0 1.41421
2025 4 2.44949
2026 2 2
2027 3 3
2028 0 2.44949
2029 -2 2
2030 3 2.23607
2031 6 2.82843
2032 -3 1.73205
2033 2 2.82843
2034 1 2.23607
2035 4 2.82843
2036 2 2.44949
2037 6 3.16228
2038 6 3.16228
2039 5 3.31662
2040 4 3.16228
2041 -1 2.64575
2042 3 2.23607
2043 2 2.82843
2044 1 2.64575
2045 7 3
2046 2 2.44949
2047 1 2.64575
2048 2 2
2049 1 2.23607
2050 2 2.82843
2051 4 2.82843
2052 8 2.82843
2053 5 2.64575
2054 1 2.64575
2055 4 2.82843
2056 -1 1.73205
2057 9 3
2058 5 2.64575
2059 6 2.82843
2060 1 1.73205
2061 2 2.82843
2062 4 2.44949
2063 4 2.44949
2064 -1 2.64575
2065 -1 2.64575
2066 3 3
2067 1 1.73205
2068 -3 1.73205
2069 2 1.41421
2070 1 1
2071 1 2.23607
2072 4 2.44949
2073 4 2
2074 1 1.73205
2075 2 2.82843
2076 4 2.82843
2077 2 2
2078 3 2.23607
2079 6 2.44949
2080 7 2.64575
2081 -1 2.23607
2082 5 2.23607
2083 -2 2
2084 0 2
2085 1 2.23607
2086 7 2.64575
2087 0 2
2088 0 2.44949
2089 1 2.23607
2090 0 1.41421
2091 1 2.64575
2092 4 2
2093 1 2.23607
2094 1 1
2095 5 2.23607
2096 2 2.82843
2097 0 2.44949
2098 -1 2.23607
2099 5 2.23607
2100 0 2
2101 -3 2.23607
2102 2 2.82843
2103 3 2.64575
2104 5 3.60555
2105 2 2.44949
2106 2 2
2107 -1 3
2108 0 2.44949
2109 3 2.64575
2110 8 2.82843
2111 3 2.64575
2112 5 3
2113 3 3
2114 1 2.23607
2115 5 2.64575
2116 3 2.64575
2117 0 2
2118 -1 2.23607
2119 2 2.82843
2120 6 2.82843
2121 0 2.44949
2122 -2 2.44949
2123 3 2.64575
2124 2 2
2125 2 2.44949
2126 0 2.44949
2127 1 2.23607
2128 1 2.64575
2129 -1 2.23607
2130 1 2.64575
2131 3 2.23607
2132 0 2.82843
2133 -1 1.73205
2134 1 2.23607
2135 3 2.23607
2136 3 2.23607
2137 1 2.23607
2138 4 2
2139 3 3
2140 3 1.73205
2141 0 2.82843
2142 3 2.64575
2143 6 3.4641
2144 1 2.64575
2145 6 2.82843
2146 3 2.23607
2147 4 2.44949
2148 2 2
2149 7 3
2150 10 3.4641
2151 9 3.60555
2152 20 4.47214
2153 11 4.12311
2154 16 4
2155 6 3.16228
2156 8 2.82843
2157 6 3.4641
2158 9 3.87298
2159 9 3
2160 4 2.82843
2161 3 3.31662
2162 3 2.23607
2163 2 2.44949
2164 6 2.82843
2165 7 3.31662
2166 7 2.64575
2167 7 3
2168 1 1
2169 2 2.82843
2170 8 3.4641
2171 2 2.44949
2172 -2 2.82843
2173 3 2.64575
2174 0 2.44949
2175 2 2.82843
2176 1 2.23607
2177 0 2.44949
2178 3 2.64575
2179 1 2.23607
2180 -1 2.23607
2181 -1 2.23607
2182 1 2.23607
2183 2 3.4641
2184 -3 2.64575
2185 7 2.64575
2186 0 2
2187 5 3
2188 5 2.64575
2189 -1 2.23607
2190 3 3
2191 3 2.23607
2192 1 2.64575
2193 0 2.44949
2194 2 2.44949
2195 3 3
2196 0 0
2197 4 2.44949
2198 4 2.44949
2199 0 2
2200 3 2.64575
2201 0 2.82843
2202 3 2.64575
2203 2 2.44949
2204 3 1.73205
2205 1 1.73205
2206 1 3.31662
2207 3 1.73205
2208 -3 3
2209 1 2.23607
2210 5 3.31662
2211 2 2.44949
2212 3 2.23607
2213 3 1.73205
2214 -1 1.73205
2215 1 2.64575
2216 0 2.82843
2217 -1 1.73205
2218 0 2.44949
2219 1 1.73205
2220 1 1.73205
2221 2 2.44949
2222 2 2
2223 4 2.44949
2224 -1 2.23607
2225 2 1.41421
2226 3 2.23607
2227 3 2.64575
2228 -1 1.73205
2229 5 2.64575
2230 0 1.41421
2231 4 3.74166
2232 -1 1.73205
2233 1 2.64575
2234 0 2
2235 1 2.23607
2236 0 1.41421
2237 1 2.23607
2238 1 2.23607
2239 7 2.64575
2240 1 3
2241 -2 2
2242 1 2.64575
2243 0 2
2244 0 2
2245 5 2.64575
2246 3 2.23607
2247 2 2
2248 7 2.64575
2249 8 2.82843
2250 -1 1.73205
2251 4 2.44949
2252 5 2.64575
2253 -1 2.23607
2254 4 2.82843
2255 1 2.64575
2256 5 2.23607
2257 6 2.82843
2258 4 2.44949
2259 3 2.23607
2260 -1 1.73205
2261 5 2.23607
2262 3 2.23607
2263 6 3.16228
2264 0 2
2265 1 1.73205
2266 6 2.82843
2267 -1 2.64575
2268 1 2.23607
2269 2 2.44949
2270 2 1.41421
2271 4 2
2272 2 1.41421
2273 2 2
2274 0 0
2275 3 1.73205
2276 3 1.73205
2277 3 1.73205
2278 2 2.82843
2279 1 2.23607
2280 -1 2.23607
2281 4 2.44949
2282 0 2.44949
2283 3 2.23607
2284 2 2.82843
2285 3 2.64575
2286 2 2.82843
2287 7 2.64575
2288 1 2.23607
2289 5 2.23607
2290 6 2.44949
2291 -1 2.23607
2292 -2 3.16228
2293 3 2.23607
2294 1 2.23607
2295 1 1.73205
2296 1 2.23607
2297 2 2
2298 -1 1.73205
2299 9 3
2300 1 1.73205
2301 1 2.23607
2302 -3 3.31662
2303 -1 2.23607
2304 1 2.64575
2305 6 2.44949
2306 7 2.64575
2307 3 3
2308 4 2.44949
2309 0 2.44949
2310 1 2.64575
2311 2 1.41421
2312 0 2
2313 5 2.23607
2314 4 3.16228
2315 5 3
2316 15 4.3589
2317 4 2.44949
2318 2 2
2319 2 3.16228
2320 2 2.44949
2321 -1 2.64575
2322 3 2.23607
2323 3 2.23607
2324 1 2.64575
2325 3 2.23607
2326 -3 2.23607
2327 0 2.44949
2328 1 1
2329 3 3
2330 0 2
2331 -1 2.23607
2332 5 2.23607
2333 0 2
2334 5 2.64575
2335 1 2.23607
2336 2 3.4641
2337 2 1.41421
2338 2 2.44949
2339 4 2.44949
2340 3 2.64575
2341 4 2.82843
2342 -1 2.23607
2343 0 2
2344 1 2.23607
2345 -1 1.73205
2346 3 2.23607
2347 4 2
2348 0 2
2349 0 2.44949
2350 -2 1.41421
2351 0 2
2352 -1 2.23607
2353 0 2
2354 1 1.73205
2355 4 2
2356 4 2
2357 2 2.44949
2358 2 2.44949
2359 0 2
2360 -1 1
2361 -3 2.64575
2362 3 2.64575
2363 2 2.44949
2364 -3 1.73205
2365 1 2.23607
2366 4 2.44949
2367 3 3
2368 -2 2
2369 0 2.44949
2370 3 2.23607
2371 2 2.44949
2372 3 2.23607
2373 0 2
2374 0 2
2375 3 2.64575
2376 4 2.82843
2377 4 2
2378 4 2.44949
2379 1 2.23607
2380 2 2.82843
2381 5 3.31662
2382 0 3.16228
2383 0 2
2384 2 2
2385 1 2.23607
2386 3 2.23607
2387 1 1.73205
2388 2 2.44949
2389 2 2.82843
2390 5 2.64575
2391 2 1.41421
2392 7 2.64575
2393 3 2.64575
2394 0 0
2395 2 2.44949
2396 2 2.44949
2397 5 2.23607
2398 1 2.23607
2399 -2 2.44949
2400 1 1.73205
2401 2 1.41421
2402 7 2.64575
2403 4 2
2404 -1 2.23607
2405 1 2.64575
2406 6 2.44949
2407 2 1.41421
2408 5 3
2409 1 2.23607
2410 -1 2.23607
2411 0 1.41421
2412 -1 1.73205
2413 2 2
2414 1 2.23607
2415 0 1.41421
2416 4 2.82843
2417 0 2
2418 3 1.73205
2419 1 2.23607
2420 0 1.41421
2421 0 1.41421
2422 -1 2.23607
2423 0 2
2424 8 3.16228
2425 0 2
2426 1 3
2427 1 1
2428 -1 1.73205
2429 2 2.44949
2430 1 2.23607
2431 1 2.64575
2432 2 2
2433 2 1.41421
2434 1 1.73205
2435 3 2.23607
2436 2 1.41421
2437 4 2.44949
2438 4 2
2439 -1 2.23607
2440 -2 2
2441 1 2.23607
2442 2 2
2443 2 2.82843
2444 3 2.64575
2445 3 2.64575
2446 3 2.23607
2447 -1 1.73205
2448 2 2.82843
2449 2 2
2450 -2 2.44949
2451 0 2.44949
2452 -2 1.41421
2453 4 2
2454 1 2.23607
2455 4 2
2456 -3 2.64575
2457 3 2.64575
2458 -4 2.82843
2459 7 3
2460 3 3
2461 7 2.64575
2462 6 3.16228
2463 1 1.73205
2464 3 2.23607
2465 -1 2.64575
2466 6 2.82843
2467 2 2
2468 3 2.23607
2469 6 3.16228
2470 0 1.41421
2471 -3 1.73205
2472 4 2
2473 0 1.41421
2474 0 2.82843
2475 1 1.73205
2476 3 2.64575
2477 1 2.64575
2478 3 1.73205
2479 1 1.73205
2480 1 1
2481 5 2.23607
2482 0 2
2483 0 1.41421
2484 4 2
2485 2 2.44949
2486 -2 1.41421
2487 4 2
2488 -1 1.73205
2489 2 2.44949
2490 3 3
2491 6 2.82843
2492 3 2.23607
2493 0 1.41421
2494 3 1.73205
2495 2 1.41421
2496 1 2.23607
2497 2 2.44949
2498 5 2.64575
2499 3 2.23607
2500 2 2.82843
2501 0 2.44949
2502 2 2.44949
2503 4 2.44949
2504 -3 1.73205
2505 3 2.23607
2506 4 2.82843
2507 2 2.44949
2508 2 2.44949
2509 -3 1.73205
2510 1 2.23607
2511 3 1.73205
2512 0 2
2513 0 2.44949
2514 6 2.44949
2515 1 2.64575
2516 6 2.44949
2517 2 3.16228
2518 3 2.64575
2519 3 1.73205
2520 0 1.41421
2521 6 2.82843
2522 1 3.31662
2523 4 2.44949
2524 4 2.82843
2525 3 2.23607
2526 0 2
2527 2 2.44949
2528 -1 1.73205
2529 2 2.44949
2530 3 2.64575
2531 -1 2.23607
2532 1 1
2533 -1 2.23607
2534 5 3
2535 1 2.64575
2536 7 3
2537 1 3
2538 1 2.64575
2539 -1 1.73205
2540 3 1.73205
2541 8 2.82843
2542 2 2.44949
2543 2 2
2544 4 2.44949
2545 -1 1.73205
2546 0 0
2547 -1 1.73205
2548 2 2
2549 -1 1.73205
2550 -1 1.73205
2551 6 2.82843
2552 0 2.82843
2553 1 1.73205
2554 1 2.23607
2555 1 2.23607
2556 0 1.41421
2557 4 2.82843
2558 2 2
2559 2 2.44949
2560 3 2.64575
2561 0 2
2562 5 3.31662
2563 1 1
2564 1 1.73205
2565 -2 2.44949
2566 3 1.73205
2567 2 2.44949
2568 5 2.64575
2569 1 1.73205
2570 -1 2.23607
2571 2 3.16228
2572 2 1.41421
2573 3 1.73205
2574 4 2
2575 5 2.23607
2576 3 1.73205
2577 -1 1.73205
2578 1 1.73205
2579 2 1.41421
2580 0 2.44949
2581 6 3.16228
2582 0 2
2583 0 2
2584 -3 1.73205
2585 -1 3
2586 1 1.73205
2587 2 2
2588 -1 1
2589 -1 3
2590 2 1.41421
2591 1 1.73205
2592 2 2.82843
2593 -4 2
2594 -1 2.23607
2595 4 2
2596 6 3.16228
2597 -2 2.44949
2598 -2 2
2599 5 2.64575
2600 -1 2.64575
2601 6 2.82843
2602 -1 2.23607
2603 2 2.44949
2604 0 2
2605 3 2.64575
2606 1 2.64575
2607 4 3.16228
2608 2 2
2609 1 2.23607
2610 -1 1.73205
2611 2 2
2612 -2 1.41421
2613 1 2.64575
2614 1 1.73205
2615 1 1.73205
2616 -1 1.73205
2617 0 1.41421
2618 3 2.23607
2619 -1 1
2620 4 2.44949
2621 3 1.73205
2622 1 1.73205
2623 -1 1.73205
2624 0 0
2625 4 2
2626 3 1.73205
2627 1 1.73205
2628 6 2.82843
2629 1 1.73205
2630 4 2.44949
2631 6 2.82843
2632 0 2
2633 3 2.64575
2634 0 2
2635 5 2.23607
2636 -1 1.73205
2637 2 2
2638 4 2
2639 2 2
2640 3 2.23607
2641 4 2
2642 1 1
2643 0 2.44949
2644 7 2.64575
2645 5 2.23607
2646 -2 2.44949
2647 2 2
2648 1 1.73205
2649 -1 2.23607
2650 1 1.73205
2651 2 2
2652 1 2.64575
2653 0 1.41421
2654 4 2
2655 -1 1.73205
2656 1 2.23607
2657 4 2
2658 3 2.64575
2659 -2 2
2660 -1 1
2661 1 2.23607
2662 4 2
2663 -2 2
2664 3 2.23607
2665 -2 2.82843
2666 0 2
2667 0 2
2668 2 2
2669 4 2
2670 4 3.16228
2671 6 2.44949
2672 4 2
2673 0 2
2674 1 1.73205
2675 5 2.23607
2676 4 2.44949
2677 2 2.44949
2678 0 1.41421
2679 -3 2.64575
2680 3 2.23607
2681 1 2.64575
2682 -1 1.73205
2683 3 2.23607
2684 -1 1
2685 2 2
2686 1 1.73205
2687 0 2
2688 0 0
2689 1 1.73205
2690 2 2.44949
2691 0 2
2692 1 1
2693 3 2.23607
2694 1 1.73205
2695 0 2
2696 5 2.23607
2697 1 1.73205
2698 3 2.23607
2699 -1 1
2700 -2 1.41421
2701 -1 1
2702 3 2.23607
2703 3 2.64575
2704 4 2.44949
2705 1 1
2706 -3 1.73205
2707 1 1.73205
2708 1 1
2709 2 2
2710 1 1
2711 5 2.64575
2712 0 2
2713 4 2.82843
2714 -1 1.73205
2715 1 1.73205
2716 3 1.73205
2717 2 2
2718 -1 2.23607
2719 4 2
2720 3 1.73205
2721 -1 1.73205
2722 0 1.41421
2723 1 1
2724 2 1.41421
2725 2 2
2726 0 2
2727 3 2.64575
2728 0 2
2729 2 2.44949
2730 0 1.41421
2731 2 2
2732 -1 2.23607
2733 6 2.44949
2734 0 1.41421
2735 0 2.44949
2736 0 1.41421
2737 1 1
2738 1 1.73205
2739 1 1.73205
2740 2 1.41421
2741 2 2
2742 2 1.41421
2743 0 1.41421
2744 -1 1
2745 3 2.64575
2746 1 2.64575
2747 1 1
2748 3 2.23607
2749 3 1.73205
2750 4 2.82843
2751 1 1
2752 0 2
2753 1 2.23607
2754 0 0
2755 2 2
2756 -1 1.73205
2757 3 1.73205
2758 -1 2.23607
2759 -1 1
2760 0 0
2761 1 1
2762 1 1.73205
2763 1 1
2764 0 2
2765 1 1.73205
2766 4 2
2767 1 2.64575
2768 0 1.41421
2769 0 1.41421
2770 0 1.41421
2771 4 2
2772 0 1.41421
2773 0 2
2774 2 2.44949
2775 4 2.44949
2776 -2 1.41421
2777 3 1.73205
2778 1 1
2779 -1 1
2780 0 0
2781 1 1
2782 1 1.73205
2783 2 2
2784 1 1.73205
2785 2 1.41421
2786 2 1.41421
2787 2 1.41421
2788 -1 1
2789 -1 2.23607
2790 -1 1.73205
2791 2 1.41421
2792 0 0
2793 2 2
2794 2 2.44949
2795 2 1.41421
2796 2 1.41421
2797 -2 2
2798 -1 1.73205
2799 2 1.41421
2800 5 2.64575
2801 5 2.64575
2802 5 2.64575
2803 2 1.41421
2804 0 2
2805 5 2.23607
2806 2 2
2807 0 1.41421
2808 2 1.41421
2809 0 1.41421
2810 1 1.73205
2811 1 1
2812 2 2
2813 1 1.73205
2814 1 1
2815 2 1.41421
2816 2 2
2817 -1 1
2818 6 2.82843
2819 3 1.73205
2820 3 1.73205
2821 3 2.23607
2822 1 1.73205
2823 1 2.23607
2824 2 1.41421
2825 1 2.64575
2826 -1 1.73205
2827 0 1.41421
2828 3 2.64575
2829 3 2.64575
2830 0 3.4641
2831 4 4
2832 4 3.16228
2833 8 3.16228
2834 4 2.44949
2835 2 3.16228
2836 -2 2
2837 3 2.23607
2838 5 2.23607
2839 3 3
2840 3 3.31662
2841 2 2
2842 2 2.44949
2843 -1 1
2844 -1 2.23607
2845 4 3.16228
2846 4 2.82843
2847 2 2
2848 4 2
2849 0 1.41421
2850 1 1.73205
2851 3 2.23607
2852 0 1.41421
2853 0 2
2854 -1 1.73205
2855 1 1
2856 3 1.73205
2857 -3 2.23607
2858 3 1.73205
2859 3 2.23607
2860 1 1
2861 0 2
2862 0 2.44949
2863 0 0
2864 -3 1.73205
2865 1 1
2866 0 0
2867 -1 1.73205
2868 -1 2.23607
2869 0 1.41421
2870 -1 1
2871 0 0
2872 1 1
2873 1 1
2874 2 2
2875 1 2.23607
2876 1 2.23607
2877 3 2.23607
2878 2 1.41421
2879 3 1.73205
2880 -1 1
2881 -4 2.44949
2882 -6 2.44949
2883 2 1.41421
2884 -2 2
2885 0 2.44949
2886 1 2.23607
2887 -3 2.23607
2888 -1 2.64575
2889 1 1.73205
2890 0 2
2891 -1 1
2892 2 2
2893 0 0
2894 -1 1.73205
2895 3 2.23607
2896 3 2.23607
2897 0 2
2898 2 2.44949
2899 1 1.73205
2900 0 0
2901 -2 2
2902 2 2
2903 2 1.41421
2904 1 1.73205
2905 1 1
2906 0 1.41421
2907 4 2.44949
2908 1 1.73205
2909 5 2.23607
2910 0 2
2911 2 2
2912 2 1.41421
2913 -2 1.41421
2914 -1 1
2915 0 2
2916 1 1.73205
2917 -2 2
2918 -1 1
2919 1 1
2920 1 2.23607
2921 1 1
2922 0 0
2923 2 1.41421
2924 4 2
2925 -3 1.73205
2926 0 2.44949
2927 3 1.73205
2928 0 1.41421
2929 1 1
2930 0 0
2931 3 1.73205
2932 2 2
2933 1 1.73205
2934 1 1.73205
2935 3 2.64575
2936 0 0
2937 0 0
2938 -1 2.64575
2939 -2 1.41421
2940 1 1
2941 0 2
2942 -1 1.73205
2943 0 0
2944 -1 1
2945 -1 2.23607
2946 2 2
2947 3 1.73205
2948 3 2.23607
2949 3 2.64575
2950 0 2
2951 1 1
2952 -2 1.41421
2953 3 2.23607
2954 -1 1
2955 -1 2.23607
2956 0 2.44949
2957 3 2.64575
2958 1 1.73205
2959 2 2
2960 3 1.73205
2961 1 1
2962 1 1
2963 0 1.41421
2964 3 1.73205
2965 3 2.23607
2966 0 0
2967 4 2
2968 1 1
2969 -2 1.41421
2970 4 2
2971 2 1.41421
2972 2 1.41421
2973 2 1.41421
2974 1 1
2975 0 1.41421
2976 0 2
2977 3 1.73205
2978 0 0
2979 1 1
2980 0 1.41421
2981 0 1.41421
2982 -1 1
2983 2 1.41421
2984 6 2.44949
2985 3 1.73205
2986 4 2
2987 0 2
2988 2 1.41421
2989 0 1.41421
2990 2 1.41421
2991 0 1.41421
2992 1 1
2993 4 2
2994 -1 2.23607
2995 0 0
2996 -1 1.73205
2997 1 1
2998 1 1.73205
2999 2 1.41421
3000 1 1
3001 0 0
3002 2 2
3003 0 1.41421
3004 2 1.41421
3005 0 2.44949
3006 -1 1
3007 0 0
3008 3 1.73205
3009 -1 1
3010 -1 2.23607
3011 -2 1.41421
3012 2 2
3013 0 1.41421
3014 1 1.73205
3015 5 2.23607
3016 -1 1.73205
3017 3 1.73205
3018 -1 1
3019 2 1.41421
3020 0 1.41421
3021 3 1.73205
3022 7 2.64575
3023 4 2
3024 1 1
3025 2 1.41421
3026 -2 1.41421
3027 2 1.41421
3028 2 1.41421
3029 1 1.73205
3030 3 1.73205
3031 -1 1.73205
3032 0 1.41421
3033 1 1.73205
3034 -1 1
3035 0 0
3036 2 1.41421
3037 1 1
3038 1 2.23607
3039 1 1
3040 2 1.41421
3041 3 1.73205
3042 1 1
3043 1 1.73205
3044 2 1.41421
3045 0 1.41421
3046 2 2
3047 0 0
3048 5 2.64575
3049 1 1.73205
3050 1 1
3051 0 1.41421
3052 0 0
3053 1 1
3054 -2 1.41421
3055 1 1
3056 2 1.41421
3057 1 1.73205
3058 0 0
3059 2 1.41421
3060 0 1.41421
3061 1 1.73205
3062 1 1.73205
3063 0 0
3064 1 1.73205
3065 0 0
3066 0 0
3067 1 1
3068 2 1.41421
3069 1 1
3070 0 2
3071 2 1.41421
3072 0 1.41421
3073 4 2
3074 2 1.41421
3075 0 0
3076 1 1
3077 1 1
3078 1 1
3079 1 1.73205
3080 0 0
3081 0 0
3082 -1 1
3083 1 1
3084 0 0
3085 1 1
3086 0 1.41421
3087 1 1
3088 -1 1
3089 1 1
3090 -1 1
3091 0 0
3092 0 1.41421
3093 0 1.41421
3094 1 1.73205
3095 1 1
3096 4 2
3097 0 1.41421
3098 1 1
3099 0 0
3100 2 1.41421
3101 0 0
3102 1 1
3103 1 1
3104 2 1.41421
3105 0 0
3106 2 2.44949
3107 0 2
3108 4 2.44949
3109 1 1
3110 -1 1
3111 2 1.41421
3112 0 1.41421
3113 2 1.41421
3114 1 1
3115 2 2
3116 1 1
3117 1 1
3118 0 1.41421
3119 -1 1.73205
3120 1 1
3121 2 1.41421
3122 -1 1
3123 0 1.41421
3124 -1 1
3125 -1 1
3126 0 0
3127 1 1
3128 1 1
3129 1 1
3130 0 0
3131 0 0
3132 1 1.73205
3133 -1 1
3134 0 1.41421
3135 1 1
3136 0 0
3137 2 1.41421
3138 -1 1
3139 -1 1
3140 2 1.41421
3141 0 1.41421
3142 0 0
3143 0 1.41421
3144 1 1.73205
3145 -1 1.73205
3146 3 1.73205
3147 0 1.41421
3148 1 1
3149 0 0
3150 0 1.41421
3151 -1 1
3152 -1 1
3153 1 1
3154 1 1
3155 2 2
3156 4 2
3157 2 2
3158 2 1.41421
3159 2 1.41421
3160 2 1.41421
3161 2 2
3162 2 1.41421
3163 2 1.41421
3164 0 1.41421
3165 0 0
3166 1 2.23607
3167 1 1
3168 1 1
3169 2 2
3170 -1 1
3171 0 1.41421
3172 2 1.41421
3173 0 0
3174 0 0
3175 2 2
3176 1 1
3177 1 1
3178 2 1.41421
3179 1 1
3180 4 2
3181 1 1.73205
3182 -2 2
3183 1 1.73205
3184 1 1.73205
3185 2 1.41421
3186 0 1.41421
3187 3 1.73205
3188 -1 1
3189 0 0
3190 -1 1
3191 3 2.23607
3192 1 1
3193 -3 2.23607
3194 2 1.41421
3195 3 1.73205
3196 1 1
3197 -2 2.44949
3198 -1 1.73205
3199 3 1.73205
3200 -1 1.73205
3201 2 1.41421
3202 1 1
3203 1 1
3204 1 1
3205 2 1.41421
3206 1 1
3207 3 1.73205
3208 1 1.73205
3209 1 1
3210 1 1
3211 -1 2.23607
3212 0 1.41421
3213 1 1
3214 0 1.41421
3215 4 2
3216 0 0
3217 1 1
3218 1 1
3219 -1 1.73205
3220 0 0
3221 1 1.73205
3222 2 1.41421
3223 2 1.41421
3224 0 0
3225 2 1.41421
3226 1 1
3227 1 1.73205
3228 1 1
3229 0 1.41421
3230 0 0
3231 0 1.41421
3232 -1 1
3233 -3 1.73205
3234 3 1.73205
3235 1 1
3236 0 0
3237 -1 1
3238 -1 1
3239 6 2.82843
3240 0 0
3241 2 1.41421
3242 2 1.41421
3243 1 1
3244 -2 1.41421
3245 1 1
3246 1 1
3247 0 1.41421
3248 0 0
3249 0 1.41421
3250 1 1
3251 0 0
3252 0 0
3253 -1 2.23607
3254 0 0
3255 0 0
3256 1 1.73205
3257 1 1
3258 2 1.41421
3259 0 0
3260 0 0
3261 0 0
3262 -1 1.73205
3263 0 0
3264 0 0
3265 -1 1
3266 1 1
3267 0 0
3268 0 0
3269 -1 1.73205
3270 -1 1
3271 1 1
3272 0 0
3273 -1 1
3274 1 1
3275 -1 1
3276 2 1.41421
3277 0 0
3278 0 0
3279 0 0
3280 -1 1
3281 -1 1
3282 0 0
3283 -1 1
3284 -2 1.41421
3285 2 1.41421
3286 -1 1
3287 2 1.41421
3288 -2 1.41421
3289 1 1.73205
3290 0 0
3291 0 2
3292 6 2.44949
3293 0 0
3294 1 1.73205
3295 0 0
3296 2 1.41421
3297 1 1
3298 2 2
3299 3 1.73205
3300 2 1.41421
3301 -1 1
3302 2 1.41421
3303 0 0
3304 1 1
3305 2 1.41421
3306 0 1.41421
3307 0 0
3308 1 1
3309 1 1
3310 2 2
3311 3 1.73205
3312 0 0
3313 0 0
3314 1 1
3315 2 1.41421
3316 2 1.41421
3317 0 0
3318 1 1
3319 0 0
3320 0 1.41421
3321 0 0
3322 3 1.73205
3323 4 2
3324 1 1.73205
3325 2 1.41421
3326 -1 1.73205
3327 1 1.73205
3328 2 2
3329 -1 1
3330 -1 1
3331 1 1
3332 2 1.41421
3333 2 1.41421
3334 1 1
3335 1 1
3336 1 1
3337 0 0
3338 -1 1
3339 -1 1
3340 -1 1
3341 0 1.41421
3342 0 0
3343 3 1.73205
3344 0 0
3345 1 1.73205
3346 0 0
3347 1 1
3348 0 1.41421
3349 1 1
3350 -1 1
3351 3 1.73205
3352 1 1.73205
3353 1 1
3354 2 1.41421
3355 0 0
3356 2 1.41421
3357 1 1
3358 0 0
3359 0 0
3360 0 0
3361 1 1
3362 0 0
3363 0 0
3364 0 0
3365 1 1
3366 1 1
3367 1 1
3368 1 1
3369 0 0
3370 1 1
3371 1 1
3372 1 1
3373 0 0
3374 0 0
3375 0 1.41421
3376 0 0
3377 0 0
3378 2 1.41421
3379 0 0
3380 2 1.41421
3381 -1 2.23607
3382 0 0
3383 0 0
3384 1 1
3385 1 1
3386 0 0
3387 0 0
3388 0 0
3389 0 0
3390 0 0
3391 1 1
3392 1 1
3393 0 1.41421
3394 0 0
3395 0 0
3396 2 1.41421
3397 0 1.41421
3398 0 0
3399 0 1.41421
3400 0 0
3401 -1 1
3402 0 0
3403 2 1.41421
3404 0 1.41421
3405 1 1
3406 0 1.41421
3407 -1 1
3408 2 1.41421
3409 -2 1.41421
3410 0 0
3411 1 1
3412 -1 1
3413 0 0
3414 0 0
3415 3 1.73205
3416 1 1
3417 1 1.73205
3418 -1 1
3419 0 0
3420 2 1.41421
3421 1 1
3422 3 1.73205
3423 0 0
3424 0 0
3425 1 1
3426 -1 1
3427 1 1
3428 -1 1
3429 0 0
3430 1 1
3431 2 1.41421
3432 -1 1.73205
3433 1 1
3434 1 1
3435 0 0
3436 2 1.41421
3437 2 1.41421
3438 0 1.41421
3439 2 1.41421
3440 -1 1
3441 3 1.73205
3442 0 1.41421
3443 -1 1.73205
3444 1 1
3445 2 1.41421
3446 1 1
3447 0 0
3448 1 1
3449 2 1.41421
3450 3 1.73205
3451 0 0
3452 -2 1.41421
3453 1 1.73205
3454 0 0
3455 4 2
3456 2 1.41421
3457 0 0
3458 4 2
3459 0 1.41421
3460 0 0
3461 1 1
3462 -2 1.41421
3463 0 0
3464 -1 1
3465 1 1
3466 -1 1
3467 1 1.73205
3468 0 0
3469 1 1
3470 -2 1.41421
3471 1 1
3472 1 1.73205
3473 0 0
3474 0 1.41421
3475 2 2
3476 4 2
3477 0 0
3478 0 0
3479 0 1.41421
3480 1 1
3481 2 1.41421
3482 0 1.41421
3483 0 1.41421
3484 0 0
3485 0 1.41421
3486 1 1
3487 1 1
3488 -1 1
3489 1 1
3490 1 1
3491 0 1.41421
3492 0 1.41421
3493 1 1
3494 -1 1
3495 1 1
3496 0 0
3497 1 1
3498 0 0
3499 1 1
3500 0 0
3501 0 0
3502 1 1
3503 0 0
3504 1 1
3505 0 0
3506 2 2
3507 0 0
3508 1 1
3509 0 0
3510 0 0
3511 1 1
3512 0 0
3513 0 1.41421
3514 1 1
3515 1 1
3516 0 2
3517 0 1.41421
3518 0 0
3519 -1 1
3520 0 0
3521 2 1.41421
3522 0 0
3523 -2 1.41421
3524 0 0
3525 1 1
3526 0 0
3527 2 1.41421
3528 0 0
3529 1 1
3530 -1 1
3531 -1 1
3532 1 1
3533 0 2
3534 1 1
3535 1 1.73205
3536 0 0
3537 1 1.73205
3538 0 0
3539 1 1
3540 0 0
3541 1 1
3542 0 0
3543 1 1
3544 0 0
3545 0 1.41421
3546 3 1.73205
3547 0 0
3548 1 1
3549 0 0
3550 0 1.41421
3551 1 1
3552 1 1
3553 0 0
3554 0 0
3555 0 0
3556 0 0
3557 0 0
3558 0 0
3559 1 1
3560 0 0
3561 0 0
3562 1 1
3563 3 1.73205
3564 0 0
3565 0 0
3566 0 0
3567 -1 1
3568 1 1
3569 0 0
3570 1 1
3571 1 1
3572 0 0
3573 0 0
3574 -1 1
3575 1 1
3576 1 1
3577 -1 1
3578 0 0
3579 1 1
3580 0 0
3581 -1 1
3582 0 0
3583 0 0
3584 1 1
3585 0 0
3586 0 0
3587 0 0
3588 -1 1
3589 0 0
3590 -1 1
3591 0 1.41421
3592 0 0
3593 0 0
3594 0 0
3595 -1 1
3596 0 0
3597 0 0
3598 1 1
3599 2 1.41421
3600 0 0
3601 1 1
3602 -1 1
3603 0 0
3604 1 1
3605 0 0
3606 0 0
3607 -1 1
3608 0 0
3609 0 0
3610 0 1.41421
3611 -1 1
3612 0 0
3613 1 1
3614 0 0
3615 2 1.41421
3616 0 1.41421
3617 0 0
3618 1 1
3619 0 0
3620 -2 1.41421
3621 1 1
3622 -1 1
3623 1 1
3624 0 0
3625 1 1
3626 0 0
3627 0 0
3628 -1 1
3629 0 0
3630 -1 1
3631 2 1.41421
3632 0 0
3633 0 0
3634 0 0
3635 1 1
3636 0 0
3637 1 1
3638 -1 1
3639 0 0
3640 0 0
3641 1 1
3642 0 0
3643 0 0
3644 0 0
3645 0 0
3646 0 0
3647 1 1.73205
3648 0 0
3649 0 0
3650 2 1.41421
3651 0 0
3652 0 0
3653 0 0
3654 0 0
3655 0 0
3656 1 1
3657 0 0
3658 2 1.41421
3659 1 1
3660 1 1
3661 -1 1
3662 1 1
3663 0 0
3664 2 1.41421
3665 2 1.41421
3666 0 0
3667 0 0
3668 0 0
3669 1 1
3670 0 0
3671 1 1
3672 0 1.41421
3673 1 1.73205
3674 0 1.41421
3675 0 0
3676 -1 1
3677 1 1
3678 0 1.41421
3679 1 1
3680 -1 1
3681 0 0
3682 0 0
3683 1 1
3684 0 0
3685 0 0
3686 0 0
3687 1 1
3688 0 0
3689 0 0
3690 0 0
3691 1 1
3692 1 1
3693 0 0
3694 0 0
3695 0 0
3696 0 0
3697 0 0
3698 0 0
3699 0 0
3700 0 0
3701 2 1.41421
3702 0 0
3703 -1 1
3704 0 0
3705 0 0
3706 1 1
3707 1 1
3708 -1 1
3709 1 1
3710 0 1.41421
3711 2 1.41421
3712 1 1
3713 0 0
3714 0 1.41421
3715 3 1.73205
3716 -1 1
3717 0 0
3718 -1 1
3719 0 0
3720 0 0
3721 1 1
3722 1 1
3723 0 0
3724 -1 1
3725 1 1
3726 0 0
3727 0 0
3728 1 1
3729 0 0
3730 0 0
3731 0 0
3732 0 0
3733 1 1
3734 1 1
3735 1 1
3736 2 1.41421
3737 0 0
3738 0 0
3739 1 1
3740 2 1.41421
3741 0 0
3742 0 0
3743 0 0
3744 0 0
3745 2 1.41421
3746 2 1.41421
3747 0 0
3748 0 0
3749 0 0
3750 0 0
3751 1 1
3752 0 0
3753 0 0
3754 2 1.41421
3755 0 0
3756 1 1
3757 1 1
3758 1 1
3759 0 0
3760 1 1.73205
3761 0 0
3762 0 0
3763 0 0
3764 -1 1
3765 1 1
3766 -1 1
3767 0 0
3768 0 0
3769 0 0
3770 0 0
3771 1 1
3772 0 0
3773 2 1.41421
3774 0 0
3775 0 0
3776 0 0
3777 0 0
3778 1 1
3779 0 0
3780 1 1
3781 0 0
3782 0 0
3783 0 0
3784 0 0
3785 1 1
3786 0 0
3787 0 0
3788 1 1
3789 1 1
3790 1 1
3791 0 0
3792 0 0
3793 1 1
3794 0 0
3795 0 0
3796 0 0
3797 0 0
3798 2 1.41421
3799 0 0
3800 0 0
3801 -1 1
3802 1 1
3803 1 1
3804 0 0
3805 0 0
3806 0 0
3807 1 1
3808 0 0
3809 1 1
3810 0 0
3811 0 0
3812 1 1
3813 0 0
3814 0 0
3815 1 1
3816 0 0
3817 0 0
3818 0 0
3819 0 0
3820 0 0
3821 0 0
3822 1 1
3823 0 0
3824 0 0
3825 0 0
3826 1 1
3827 1 1
3828 1 1
3829 0 0
3830 0 0
3831 0 0
3832 0 0
3833 0 0
3834 0 0
3835 0 0
3836 1 1
3837 0 0
3838 1 1
3839 1 1
3840 0 0
3841 0 0
3842 0 0
3843 2 1.41421
3844 1 1
3845 0 0
3846 0 0
3847 0 0
3848 1 1
3849 0 0
3850 -1 1
3851 0 0
3852 2 1.41421
3853 0 0
3854 1 1
3855 0 0
3856 0 0
3857 0 0
3858 0 0
3859 1 1
3860 0 0
3861 1 1
3862 1 1
3863 0 0
3864 0 0
3865 1 1
3866 0 0
3867 0 0
3868 0 0
3869 0 0
3870 0 0
3871 0 0
3872 0 0
3873 0 0
3874 0 0
3875 1 1
3876 1 1
3877 0 0
3878 0 0
3879 0 0
3880 0 0
3881 1 1
3882 0 0
3883 0 0
3884 0 0
3885 0 0
3886 1 1
3887 0 0
3888 0 0
3889 0 0
3890 0 0
3891 0 0
3892 1 1
3893 1 1
3894 0 0
3895 0 0
3896 0 0
3897 0 0
3898 -1 1
3899 0 0
3900 1 1
3901 0 0
3902 0 0
3903 0 0
3904 0 0
3905 0 0
3906 0 0
3907 1 1
3908 0 0
3909 0 0
3910 0 0
3911 1 1
3912 0 0
3913 0 0
3914 0 0
3915 0 0
3916 0 0
3917 0 0
3918 0 0
3919 0 0
3920 0 0
3921 0 0
3922 0 0
3923 0 0
3924 0 0
3925 0 0
3926 0 0
3927 0 0
3928 0 0
3929 0 0
3930 -1 1
3931 1 1
3932 0 0
3933 0 0
3934 0 0
3935 0 0
3936 1 1
3937 0 0
3938 0 0
3939 0 0
3940 0 0
3941 0 0
3942 0 0
3943 1 1
3944 0 0
3945 0 0
3946 1 1
3947 0 0
3948 0 0
3949 1 1
3950 0 0
3951 -1 1
3952 0 0
3953 0 0
3954 0 0
3955 0 0
3956 2 1.41421
3957 0 0
3958 1 1
3959 0 0
3960 0 0
3961 0 0
3962 1 1
3963 0 0
3964 0 0
3965 0 0
3966 0 0
3967 0 0
3968 0 0
3969 1 1
3970 0 0
3971 0 0
3972 0 0
3973 1 1
3974 1 1
3975 0 0
3976 0 0
3977 0 0
3978 0 0
3979 0 0
3980 0 0
3981 0 0
3982 0 0
3983 0 0
3984 0 0
3985 1 1
3986 0 0
3987 0 0
3988 0 0
3989 0 0
3990 0 0
3991 0 0
3992 0 0
3993 0 0
3994 0 0
3995 1 1
3996 0 0
3997 0 0
3998 0 0
3999 0 0
4000 1 1
4001 0 0
4002 0 0
4003 0 0
4004 0 0
4005 0 0
4006 0 0
4007 0 0
4008 0 0
4009 0 0
4010 0 0
4011 0 0
4012 0 0
4013 0 0
4014 0 0
4015 0 0
4016 0 0
4017 0 0
4018 1 1
4019 1 1
4020 0 0
4021 0 0
4022 0 0
4023 0 0
4024 0 0
4025 0 0
4026 0 0
4027 0 0
4028 0 0
4029 0 0
4030 0 0
4031 0 0
4032 0 0
4033 0 0
4034 0 0
4035 0 0
4036 0 0
4037 0 0
4038 1 1
4039 1 1
4040 0 0
4041 0 0
4042 0 0
4043 0 0
4044 0 0
4045 1 1
4046 0 0
4047 1 1
4048 0 0
4049 0 0
4050 0 0
4051 0 0
4052 1 1
4053 0 0
4054 0 0
4055 0 0
4056 0 0
4057 0 0
4058 1 1
4059 0 0
4060 -1 1
4061 1 1
4062 0 0
4063 0 0
4064 0 0
4065 0 0
4066 0 0
4067 1 1
4068 0 0
4069 0 0
4070 1 1
4071 0 0
4072 0 0
4073 0 0
4074 0 0
4075 0 0
4076 0 0
4077 0 0
4078 0 0
4079 0 0
4080 1 1
4081 0 0
4082 1 1
4083 1 1
4084 1 1
4085 0 0
4086 0 0
4087 0 0
4088 1 1
4089 0 0
4090 0 0
4091 0 0
4092 0 0
4093 0 0
4094 1 1
4095 0 0
4096 0 0
4097 0 0
4098 0 0
4099 0 0
4100 0 0
4101 0 0
4102 0 0
4103 0 0
4104 0 0
4105 0 0
4106 0 0
4107 0 0
4108 0 0
4109 1 1
4110 1 1
4111 0 0
4112 0 0
4113 0 0
4114 0 0
4115 0 0
4116 0 0
4117 0 0
4118 0 0
4119 0 0
4120 1 1
4121 0 0
4122 1 1
4123 0 0
4124 0 0
4125 0 0
4126 0 0
4127 0 0
4128 0 0
4129 0 0
4130 0 0
4131 0 0
4132 0 0
4133 0 0
4134 0 0
4135 -1 1
4136 0 0
4137 1 1
4138 0 0
4139 1 1
4140 0 0
4141 -1 1
4142 0 0
4143 0 0
4144 0 0
4145 0 0
4146 0 0
4147 1 1
4148 0 0
4149 0 0
4150 0 0
4151 0 0
4152 0 0
4153 0 0
4154 -1 1
4155 0 0
4156 0 0
4157 0 0
4158 0 0
4159 0 0
4160 0 0
4161 2 1.41421
4162 0 0
4163 0 0
4164 0 0
4165 0 0
4166 0 0
4167 1 1
4168 0 0
4169 0 0
4170 1 1
4171 0 0
4172 0 0
4173 0 0
4174 0 0
4175 0 0
4176 0 0
4177 0 0
4178 0 0
4179 0 0
4180 1 1
4181 0 0
4182 1 1
4183 0 0
4184 0 0
4185 0 0
4186 0 0
4187 0 0
4188 0 0
4189 1 1
4190 1 1
4191 0 0
4192 0 0
4193 0 0
4194 0 0
4195 0 0
4196 1 1
4197 0 0
4198 0 0
4199 0 0
4200 0 0
4201 0 0
4202 0 0
4203 0 0
4204 0 0
4205 0 0
4206 0 0
4207 0 0
4208 0 0
4209 0 0
4210 2 1.41421
4211 0 0
4212 0 0
4213 0 0
4214 0 0
4215 0 0
4216 0 0
4217 0 0
4218 0 0
4219 0 0
4220 0 0
4221 0 0
4222 0 0
4223 0 0
4224 0 0
4225 0 0
4226 0 0
4227 0 0
4228 0 0
4229 0 0
4230 0 0
4231 0 0
4232 -1 1
4233 0 0
4234 0 0
4235 0 0
4236 0 0
4237 0 0
4238 0 0
4239 0 0
4240 0 0
4241 0 0
4242 0 0
4243 0 0
4244 0 0
4245 0 0
4246 0 0
4247 0 0
4248 1 1
4249 0 1.41421
4250 0 0
4251 0 0
4252 0 0
4253 1 1
4254 1 1
4255 0 0
4256 0 0
4257 0 0
4258 0 0
4259 0 0
4260 0 0
4261 0 0
4262 1 1
4263 0 0
4264 0 0
4265 0 0
4266 0 0
4267 0 0
4268 0 0
4269 0 0
4270 0 0
4271 0 0
4272 0 0
4273 0 0
4274 0 0
4275 1 1
4276 0 0
4277 0 0
4278 0 0
4279 -1 1
4280 0 0
4281 0 0
4282 2 1.41421
4283 0 0
4284 0 0
4285 0 0
4286 0 0
4287 0 0
4288 0 0
4289 0 0
4290 0 0
4291 0 0
4292 0 0
4293 0 0
4294 0 0
4295 0 0
4296 0 0
4297 0 0
4298 0 0
4299 0 0
4300 0 0
4301 0 0
4302 0 0
4303 0 0
4304 0 0
4305 0 0
4306 1 1
4307 0 0
4308 0 0
4309 0 0
4310 0 0
4311 0 0
4312 0 0
4313 0 0
4314 0 0
4315 0 0
4316 0 0
4317 0 0
4318 0 0
4319 0 0
4320 0 0
4321 0 0
4322 0 0
4323 0 0
4324 0 0
4325 0 0
4326 0 0
4327 0 0
4328 0 0
4329 -1 1
4330 0 0
4331 1 1
4332 0 0
4333 0 0
4334 0 0
4335 0 0
4336 0 0
4337 0 0
4338 0 0
4339 0 0
4340 0 0
4341 0 0
4342 0 0
4343 0 0
4344 0 0
4345 2 1.41421
4346 0 0
4347 0 0
4348 0 0
4349 0 0
4350 0 0
4351 0 0
4352 0 0
4353 0 0
4354 0 0
4355 0 0
4356 0 0
4357 0 0
4358 0 0
4359 0 0
4360 0 0
4361 0 0
4362 0 0
4363 0 0
4364 0 0
4365 0 0
4366 0 0
4367 0 0
4368 0 0
4369 1 1
4370 0 0
4371 0 0
4372 0 0
4373 0 0
4374 0 0
4375 0 0
4376 0 0
4377 0 0
4378 0 0
4379 0 0
4380 0 0
4381 0 0
4382 0 0
4383 0 0
4384 0 0
4385 0 0
4386 0 0
4387 0 0
4388 0 0
4389 0 0
4390 0 0
4391 0 0
4392 0 0
4393 0 0
4394 0 0
4395 0 0
4396 0 0
4397 0 0
4398 0 0
4399 0 0
4400 0 0
4401 0 0
4402 0 0
4403 0 0
4404 0 0
4405 0 0
4406 0 0
4407 0 0
4408 0 0
4409 0 0
4410 0 0
4411 0 0
4412 0 0
4413 0 0
4414 0 0
4415 0 0
4416 0 0
4417 0 0
4418 0 0
4419 0 0
4420 0 0
4421 0 0
4422 0 0
4423 0 0
4424 0 0
4425 0 0
4426 0 0
4427 0 0
4428 0 0
4429 0 0
4430 0 0
4431 0 0
4432 0 0
4433 0 0
4434 0 0
4435 0 0
4436 0 0
4437 0 0
4438 0 0
4439 0 0
4440 0 0
4441 0 0
4442 0 0
4443 0 0
4444 0 0
4445 0 0
4446 0 0
4447 0 0
4448 0 0
4449 1 1
4450 0 0
4451 0 0
4452 0 0
4453 0 0
4454 0 0
4455 0 0
4456 0 0
4457 0 0
4458 0 0
4459 0 0
4460 0 0
4461 0 0
4462 0 0
4463 0 0
4464 0 0
4465 1 1
4466 0 0
4467 0 0
4468 0 0
4469 0 0
4470 0 0
4471 0 0
4472 0 0
4473 0 0
4474 0 0
4475 0 0
4476 0 0
4477 0 0
4478 0 0
4479 0 0
4480 0 0
4481 0 0
4482 0 0
4483 0 0
4484 0 0
4485 0 0
4486 0 0
4487 0 0
4488 0 0
4489 0 0
4490 0 0
4491 0 0
4492 0 0
4493 0 0
4494 0 0
4495 0 0
4496 0 0
4497 0 0
4498 0 0
4499 0 0
4500 0 0
4501 0 0
4502 1 1
4503 0 0
4504 0 0
4505 0 0
4506 1 1
4507 0 0
4508 0 0
4509 0 0
4510 0 0
4511 0 0
4512 0 0
4513 0 0
4514 0 0
4515 0 0
4516 0 0
4517 0 0
4518 0 0
4519 0 0
4520 0 0
4521 0 0
4522 0 0
4523 0 0
4524 0 0
4525 0 0
4526 0 0
4527 0 0
4528 0 0
4529 0 0
4530 0 0
4531 0 0
4532 0 0
4533 0 0
4534 0 0
4535 0 0
4536 0 0
4537 0 0
4538 0 0
4539 0 0
4540 0 0
4541 0 0
4542 0 0
4543 0 0
4544 0 0
4545 0 0
4546 0 0
4547 0 0
4548 0 0
4549 0 0
4550 0 0
4551 0 0
4552 0 0
4553 0 0
4554 0 0
4555 0 0
4556 0 0
4557 0 0
4558 0 0
4559 0 0
4560 0 0
4561 0 0
4562 0 0
4563 0 0
4564 0 0
4565 0 0
4566 0 0
4567 0 0
4568 0 0
4569 0 0
4570 0 0
4571 0 0
4572 0 0
4573 0 0
4574 0 0
4575 0 0
4576 1 1
4577 0 0
4578 0 0
4579 0 0
4580 0 0
4581 0 0
4582 0 0
4583 0 0
4584 0 0
4585 0 0
4586 0 0
4587 0 0
4588 0 0
4589 0 0
4590 0 0
4591 0 0
4592 0 0
4593 0 0
4594 0 0
4595 0 0
4596 0 0
4597 0 0
4598 0 0
4599 1 1
4600 0 0
4601 0 0
4602 0 0
4603 0 0
4604 0 0
4605 0 0
4606 0 0
4607 0 0
4608 0 0
4609 0 0
4610 0 0
4611 0 0
4612 0 0
4613 0 0
4614 0 0
4615 0 0
4616 0 0
4617 0 0
4618 0 0
4619 0 0
4620 0 0
4621 0 0
4622 0 0
4623 0 0
4624 0 0
4625 0 0
4626 0 0
4627 0 0
4628 0 0
4629 0 0
4630 0 0
4631 0 0
4632 0 0
4633 0 0
4634 0 0
4635 0 0
4636 0 0
4637 0 0
4638 0 0
4639 0 0
4640 0 0
4641 0 0
4642 0 0
4643 0 0
4644 1 1
4645 0 0
4646 0 0
4647 0 0
4648 0 0
4649 0 0
4650 0 0
4651 0 0
4652 0 0
4653 0 0
4654 0 0
4655 0 0
4656 0 0
4657 0 0
4658 0 0
4659 0 0
4660 0 0
4661 0 0
4662 0 0
4663 0 0
4664 0 0
4665 0 0
4666 0 0
4667 0 0
4668 0 0
4669 0 0
4670 0 0
4671 0 0
4672 0 0
4673 0 0
4674 0 0
4675 0 0
4676 0 0
4677 0 0
4678 0 0
4679 0 0
4680 0 0
4681 0 0
4682 0 0
4683 0 0
4684 0 0
4685 0 0
4686 0 0
4687 0 0
4688 0 0
4689 0 0
4690 0 0
4691 0 0
4692 0 0
4693 0 0
4694 0 0
4695 0 0
4696 0 0
4697 1 1
4698 0 0
4699 0 0
4700 0 0
4701 0 0
4702 0 0
4703 0 0
4704 0 0
4705 0 0
4706 0 0
4707 0 0
4708 0 0
4709 0 0
4710 0 0
4711 0 0
4712 0 0
4713 0 0
4714 0 0
4715 0 0
4716 0 0
4717 0 0
4718 0 0
4719 0 0
4720 0 0
4721 0 0
4722 0 0
4723 0 0
4724 0 0
4725 0 0
4726 0 0
4727 0 0
4728 0 0
4729 0 0
4730 0 0
4731 0 0
4732 0 0
4733 0 0
4734 0 0
4735 0 0
4736 0 0
4737 0 0
4738 0 0
4739 0 0
4740 0 0
4741 0 0
4742 0 0
4743 0 0
4744 0 0
4745 0 0
4746 0 0
4747 0 0
4748 0 0
4749 0 0
4750 0 0
4751 0 0
4752 0 0
4753 0 0
4754 0 0
4755 0 0
4756 0 0
4757 0 0
4758 0 0
4759 0 0
4760 0 0
4761 0 0
4762 0 0
4763 0 0
4764 0 0
4765 0 0
4766 0 0
4767 0 0
4768 0 0
4769 0 0
4770 0 0
4771 0 0
4772 0 0
4773 0 0
4774 0 0
4775 0 0
4776 0 0
4777 0 0
4778 0 0
4779 0 0
4780 0 0
4781 0 0
4782 0 0
4783 0 0
4784 0 0
4785 0 0
4786 0 0
4787 0 0
4788 0 0
4789 0 0
4790 0 0
4791 0 0
4792 0 0
4793 0 0
4794 0 0
4795 0 0
4796 0 0
4797 0 0
4798 1 1
4799 0 0
4800 0 0
4801 0 0
4802 0 0
4803 0 0
4804 0 0
4805 0 0
4806 0 0
4807 0 0
4808 0 0
4809 0 0
4810 0 0
4811 0 0
4812 0 0
4813 0 0
4814 0 0
4815 0 0
4816 0 0
4817 0 0
4818 0 0
4819 0 0
4820 0 0
4821 0 0
4822 0 0
4823 0 0
4824 0 0
4825 0 0
4826 0 0
4827 0 0
4828 0 0
4829 0 0
4830 0 0
4831 0 0
4832 0 0
4833 0 0
4834 0 0
4835 0 0
4836 0 0
4837 0 0
4838 0 0
4839 0 0
4840 0 0
4841 0 0
4842 0 0
4843 0 0
4844 0 0
4845 0 0
4846 0 0
4847 0 0
4848 0 0
4849 0 0
4850 0 0
4851 0 0
4852 0 0
4853 0 0
4854 0 0
4855 0 0
4856 0 0
4857 0 0
4858 0 0
4859 0 0
4860 0 0
4861 0 0
4862 0 0
4863 0 0
4864 1 1
4865 0 0
4866 0 0
4867 0 0
4868 0 0
4869 0 0
4870 0 0
4871 0 0
4872 0 0
4873 0 0
4874 0 0
4875 0 0
4876 0 0
4877 0 0
4878 0 0
4879 0 0
4880 0 0
4881 0 0
4882 0 0
4883 0 0
4884 0 0
4885 0 0
4886 0 0
4887 0 0
4888 0 0
4889 0 0
4890 0 0
4891 0 0
4892 0 0
4893 0 0
4894 0 0
4895 0 0
4896 0 0
4897 0 0
4898 0 0
4899 0 0
4900 0 0
4901 0 0
4902 0 0
4903 0 0
4904 0 0
4905 0 0
4906 0 0
4907 0 0
4908 0 0
4909 0 0
4910 0 0
4911 0 0
4912 0 0
4913 0 0
4914 0 0
4915 0 0
4916 0 0
4917 0 0
4918 0 0
4919 0 0
4920 0 0
4921 0 0
4922 0 0
4923 0 0
4924 0 0
4925 0 0
4926 0 0
4927 0 0
4928 0 0
4929 0 0
4930 0 0
4931 0 0
4932 0 0
4933 0 0
4934 0 0
4935 0 0
4936 0 0
4937 0 0
4938 0 0
4939 0 0
4940 0 0
4941 0 0
4942 0 0
4943 0 0
4944 0 0
4945 0 0
4946 0 0
4947 0 0
4948 0 0
4949 0 0
4950 0 0
4951 0 0
4952 0 0
4953 0 0
4954 0 0
4955 0 0
4956 0 0
4957 0 0
4958 0 0
4959 0 0
4960 0 0
4961 0 0
4962 0 0
4963 0 0
4964 0 0
4965 0 0
4966 0 0
4967 0 0
4968 0 0
4969 0 0
4970 0 0
4971 0 0
4972 0 0
4973 0 0
4974 0 0
4975 0 0
4976 0 0
4977 0 0
4978 0 0
4979 0 0
4980 0 0
4981 0 0
4982 0 0
4983 0 0
4984 0 0
4985 0 0
4986 0 0
4987 0 0
4988 0 0
4989 0 0
4990 0 0
4991 0 0
4992 0 0
4993 0 0
4994 0 0
4995 0 0
4996 0 0
4997 0 0
4998 0 0
4999 0 0
5000 0 0
